1758100248201 1.9029747247695923 0
1758100248480 1.8826587200164795 1
1758100248759 1.8568017482757568 2
1758100249063 1.810617446899414 3
1758100249419 1.6888319253921509 4
1758100249703 1.538124680519104 5
1758100250000 1.4310588836669922 6
1758100250293 1.3479816913604736 7
1758100250582 1.208404302597046 8
1758100250863 1.0675361156463623 9
1758100251141 0.9789384007453918 10
1758100251449 0.9309048652648926 11
1758100251743 0.9261215329170227 12
1758100252031 0.9100722074508667 13
1758100252338 0.8327856063842773 14
1758100252656 0.7551365494728088 15
1758100252944 0.7015860676765442 16
1758100253247 0.7332019805908203 17
1758100253590 0.762656569480896 18
1758100253918 0.7477967143058777 19
1758100254222 0.7248889803886414 20
1758100254508 0.6844829320907593 21
1758100254802 0.6684716939926147 22
1758100255103 0.6806720495223999 23
1758100255398 0.700499951839447 24
1758100255712 0.719448447227478 25
1758100256044 0.7261755466461182 26
1758100256348 0.7254884839057922 27
1758100256645 0.728633463382721 28
1758100256968 0.7256851196289062 29
1758100257257 0.7330008149147034 30
1758100257557 0.7477933168411255 31
1758100257853 0.7648987770080566 32
1758100258175 0.7762507200241089 33
1758100258474 0.7723126411437988 34
1758100258767 0.7712479829788208 35
1758100259098 0.7820959687232971 36
1758100259417 0.7870628833770752 37
1758100259734 0.7964563965797424 38
1758100260053 0.8009255528450012 39
1758100260404 0.7998859286308289 40
1758100260713 0.7981826066970825 41
1758100261019 0.7939416170120239 42
1758100261317 0.7944415807723999 43
1758100261620 0.7965446710586548 44
1758100261922 0.7950078248977661 45
1758100262254 0.7944620847702026 46
1758100262563 0.7842098474502563 47
1758100262878 0.7807546854019165 48
1758100263199 0.7793853878974915 49
1758100263499 0.7763192653656006 50
1758100263808 0.774411141872406 51
1758100264115 0.7691099643707275 52
1758100264420 0.7632018327713013 53
1758100264737 0.7600148320198059 54
1758100265060 0.7570136785507202 55
1758100265387 0.7584072947502136 56
1758100265713 0.7565418481826782 57
1758100266022 0.7525158524513245 58
1758100266336 0.750747799873352 59
1758100266661 0.7486324906349182 60
1758100267004 0.748565673828125 61
1758100267310 0.7495020031929016 62
1758100267615 0.7509416937828064 63
1758100267930 0.7522417902946472 64
1758100268241 0.7510453462600708 65
1758100268564 0.7512134313583374 66
1758100268900 0.7550220489501953 67
1758100269226 0.7558043599128723 68
1758100269547 0.7575817704200745 69
1758100269851 0.7583476901054382 70
1758100270166 0.7598409056663513 71
1758100270490 0.7590588331222534 72
1758100270832 0.7629184722900391 73
1758100271147 0.7618155479431152 74
1758100271476 0.7668644189834595 75
1758100271824 0.765819251537323 76
1758100272157 0.7632589936256409 77
1758100272485 0.7657598853111267 78
1758100272795 0.7682355642318726 79
1758100273120 0.7670547366142273 80
1758100273439 0.7647579908370972 81
1758100273774 0.7640795707702637 82
1758100274128 0.7625762820243835 83
1758100274473 0.7642362713813782 84
1758100274785 0.7664459347724915 85
1758100275139 0.7644132375717163 86
1758100275456 0.7648622393608093 87
1758100275798 0.7634544372558594 88
1758100276174 0.7620368599891663 89
1758100276517 0.7611696720123291 90
1758100276841 0.7600454092025757 91
1758100277167 0.761618971824646 92
1758100277495 0.7588452100753784 93
1758100277821 0.7582188844680786 94
1758100278158 0.758778989315033 95
1758100278511 0.7634845972061157 96
1758100278822 0.7594596743583679 97
1758100279161 0.7571665048599243 98
1758100279490 0.7588129639625549 99
1758100279818 0.7603256702423096 100
1758100280138 0.7612767815589905 101
1758100280469 0.7600669264793396 102
1758100280807 0.7596880793571472 103
1758100281154 0.7610051035881042 104
1758100281550 0.7590855360031128 105
1758100281893 0.760580837726593 106
1758100282229 0.7606737613677979 107
1758100282566 0.7605206966400146 108
1758100282922 0.7621802687644958 109
1758100283252 0.7623908519744873 110
1758100283581 0.761206865310669 111
1758100283912 0.7615150213241577 112
1758100284235 0.7621303796768188 113
1758100284559 0.7613018751144409 114
1758100284945 0.7615965604782104 115
1758100285279 0.7614699602127075 116
1758100285631 0.7606948614120483 117
1758100285964 0.7612529993057251 118
1758100286298 0.7606774568557739 119
1758100286623 0.7610281705856323 120
1758100286948 0.7592565417289734 121
1758100287299 0.7630583643913269 122
1758100287628 0.7601181268692017 123
1758100287980 0.7617350816726685 124
1758100288333 0.7602907419204712 125
1758100288666 0.7577991485595703 126
1758100289000 0.7595628499984741 127
1758100289368 0.7609411478042603 128
1758100289702 0.7593832015991211 129
1758100290030 0.7609279155731201 130
1758100290356 0.7606147527694702 131
1758100290697 0.7614600658416748 132
1758100291034 0.7601618766784668 133
1758100291403 0.7594640851020813 134
1758100291775 0.7596489191055298 135
1758100292109 0.7617252469062805 136
1758100292446 0.760482907295227 137
1758100292775 0.7606906294822693 138
1758100293120 0.7596163749694824 139
1758100293463 0.7613108158111572 140
1758100293812 0.7610465884208679 141
1758100294153 0.7618900537490845 142
1758100294491 0.7596028447151184 143
1758100294846 0.761511504650116 144
1758100295192 0.7613074779510498 145
1758100295532 0.7594760656356812 146
1758100295874 0.7603338360786438 147
1758100296246 0.7600458264350891 148
1758100296603 0.7604789137840271 149
1758100248201 1.9029747247695923 0
