1758100248263 4.455038070678711 0
1758100248546 4.420525550842285 1
1758100248829 4.365053176879883 2
1758100249153 4.246641159057617 3
1758100249486 3.9330475330352783 4
1758100249779 3.3851563930511475 5
1758100250069 2.9923293590545654 6
1758100250359 2.7051901817321777 7
1758100250651 2.4672813415527344 8
1758100250930 2.271249771118164 9
1758100251216 2.1331896781921387 10
1758100251516 2.0494558811187744 11
1758100251807 2.0120112895965576 12
1758100252101 1.995967984199524 13
1758100252424 1.9924808740615845 14
1758100252726 1.9983179569244385 15
1758100253014 2.008829355239868 16
1758100253313 2.0260815620422363 17
1758100253676 2.0405497550964355 18
1758100253982 2.045158624649048 19
1758100254289 2.0444958209991455 20
1758100254573 2.041884660720825 21
1758100254875 2.0347886085510254 22
1758100255172 2.0320003032684326 23
1758100255468 2.0251851081848145 24
1758100255802 2.018343687057495 25
1758100256113 2.0124261379241943 26
1758100256423 2.004215717315674 27
1758100256719 1.9975944757461548 28
1758100257038 1.9906216859817505 29
1758100257329 1.9892171621322632 30
1758100257633 1.9860999584197998 31
1758100257924 1.9848331212997437 32
1758100258246 1.9840606451034546 33
1758100258546 1.983563780784607 34
1758100258857 1.9835364818572998 35
1758100259173 1.9851936101913452 36
1758100259488 1.9854307174682617 37
1758100259823 1.986626148223877 38
1758100260125 1.9877609014511108 39
1758100260485 1.9883933067321777 40
1758100260785 1.9886729717254639 41
1758100261088 1.9883698225021362 42
1758100261385 1.988379716873169 43
1758100261693 1.9885178804397583 44
1758100261998 1.9877575635910034 45
1758100262323 1.9876042604446411 46
1758100262646 1.9855713844299316 47
1758100262955 1.9849939346313477 48
1758100263273 1.9844839572906494 49
1758100263570 1.9840483665466309 50
1758100263882 1.9836176633834839 51
1758100264193 1.9832563400268555 52
1758100264495 1.983025312423706 53
1758100264822 1.9830011129379272 54
1758100265134 1.9830633401870728 55
1758100265478 1.983181357383728 56
1758100265781 1.9834269285202026 57
1758100266098 1.9837710857391357 58
1758100266406 1.9835397005081177 59
1758100266745 1.9836605787277222 60
1758100267084 1.9837392568588257 61
1758100267381 1.983797311782837 62
1758100267690 1.9836933612823486 63
1758100268001 1.9835984706878662 64
1758100268315 1.9833978414535522 65
1758100268650 1.983345627784729 66
1758100268972 1.983166217803955 67
1758100269307 1.9831432104110718 68
1758100269621 1.9831511974334717 69
1758100269924 1.983078956604004 70
1758100270249 1.9829753637313843 71
1758100270580 1.9829505681991577 72
1758100270897 1.9830507040023804 73
1758100271221 1.9829648733139038 74
1758100271558 1.983157992362976 75
1758100271913 1.9831117391586304 76
1758100272253 1.9829944372177124 77
1758100272555 1.9830788373947144 78
1758100272879 1.9831947088241577 79
1758100273193 1.9831604957580566 80
1758100273521 1.9830453395843506 81
1758100273850 1.9830048084259033 82
1758100274214 1.982966661453247 83
1758100274548 1.9830440282821655 84
1758100274857 1.983166217803955 85
1758100275214 1.9830526113510132 86
1758100275544 1.9830344915390015 87
1758100275904 1.9829893112182617 88
1758100276262 1.9829738140106201 89
1758100276597 1.9829339981079102 90
1758100276919 1.9829586744308472 91
1758100277251 1.9830135107040405 92
1758100277574 1.9829732179641724 93
1758100277893 1.9829399585723877 94
1758100278252 1.9829944372177124 95
1758100278589 1.983093023300171 96
1758100278901 1.982973337173462 97
1758100279242 1.98298978805542 98
1758100279568 1.9830039739608765 99
1758100279892 1.9830200672149658 100
1758100280215 1.9830279350280762 101
1758100280549 1.982945442199707 102
1758100280883 1.9829696416854858 103
1758100281234 1.9830149412155151 104
1758100281645 1.982987642288208 105
1758100281976 1.9830095767974854 106
1758100282318 1.9829542636871338 107
1758100282660 1.9829334020614624 108
1758100282996 1.9830094575881958 109
1758100283331 1.9830080270767212 110
1758100283655 1.982954502105713 111
1758100283986 1.9829779863357544 112
1758100284306 1.982972264289856 113
1758100284636 1.9829435348510742 114
1758100285026 1.9829615354537964 115
1758100285358 1.982951283454895 116
1758100285722 1.9829256534576416 117
1758100286039 1.982967495918274 118
1758100286379 1.9829418659210205 119
1758100286698 1.9829466342926025 120
1758100287033 1.9829299449920654 121
1758100287383 1.982975959777832 122
1758100287704 1.982972264289856 123
1758100288075 1.9829894304275513 124
1758100288418 1.9829672574996948 125
1758100288746 1.9829542636871338 126
1758100289087 1.9829479455947876 127
1758100289445 1.9829356670379639 128
1758100289781 1.982940435409546 129
1758100290112 1.9829306602478027 130
1758100290433 1.9829354286193848 131
1758100290780 1.9829398393630981 132
1758100291099 1.9829338788986206 133
1758100291489 1.9829457998275757 134
1758100291856 1.9829648733139038 135
1758100292189 1.982952356338501 136
1758100292526 1.9829356670379639 137
1758100292858 1.9829455614089966 138
1758100293202 1.9829285144805908 139
1758100293550 1.9829449653625488 140
1758100293891 1.9829480648040771 141
1758100294232 1.9829496145248413 142
1758100294593 1.982954502105713 143
1758100294931 1.9829676151275635 144
1758100295277 1.9829459190368652 145
1758100295617 1.982935905456543 146
1758100295962 1.9831016063690186 147
1758100296348 1.982957363128662 148
1758100296682 1.982974648475647 149
1758100248263 4.455038070678711 0
