1758100248139 19.847366333007812 0
1758100248412 19.541046142578125 1
1758100248693 19.05368995666504 2
1758100248990 18.03396224975586 3
1758100249348 15.468862533569336 4
1758100249631 11.459283828735352 5
1758100249932 8.954034805297852 6
1758100250225 7.31805419921875 7
1758100250516 6.087477207183838 8
1758100250795 5.158576011657715 9
1758100251078 4.5504984855651855 10
1758100251374 4.2002692222595215 11
1758100251676 4.048189640045166 12
1758100251967 3.9838881492614746 13
1758100252265 3.969980239868164 14
1758100252586 3.993274688720703 15
1758100252874 4.03539514541626 16
1758100253177 4.105006694793701 17
1758100253502 4.163843631744385 18
1758100253842 4.182673454284668 19
1758100254147 4.179963111877441 20
1758100254438 4.169293403625488 21
1758100254732 4.140365123748779 22
1758100255029 4.129025459289551 23
1758100255324 4.101375102996826 24
1758100255636 4.073711395263672 25
1758100255970 4.049859046936035 26
1758100256265 4.016880989074707 27
1758100256572 3.9903838634490967 28
1758100256875 3.9625747203826904 29
1758100257189 3.956984758377075 30
1758100257485 3.9445929527282715 31
1758100257783 3.9395625591278076 32
1758100258102 3.9364967346191406 33
1758100258398 3.93452525138855 34
1758100258705 3.9344170093536377 35
1758100259023 3.9409937858581543 36
1758100259343 3.9419353008270264 37
1758100259652 3.946683406829834 38
1758100259974 3.951193332672119 39
1758100260306 3.9537079334259033 40
1758100260638 3.954820156097412 41
1758100260948 3.9536147117614746 42
1758100261248 3.9536540508270264 43
1758100261551 3.9542033672332764 44
1758100261853 3.9511802196502686 45
1758100262178 3.950570583343506 46
1758100262472 3.9424939155578613 47
1758100262799 3.9402008056640625 48
1758100263123 3.9381766319274902 49
1758100263426 3.936447858810425 50
1758100263726 3.934738874435425 51
1758100264040 3.9333057403564453 52
1758100264350 3.932389497756958 53
1758100264658 3.93229341506958 54
1758100264985 3.93254017829895 55
1758100265301 3.9330081939697266 56
1758100265637 3.9339823722839355 57
1758100265940 3.93534779548645 58
1758100266264 3.934429883956909 59
1758100266567 3.9349091053009033 60
1758100266916 3.9352214336395264 61
1758100267241 3.9354519844055176 62
1758100267539 3.935039520263672 63
1758100267854 3.9346630573272705 64
1758100268165 3.9338672161102295 65
1758100268479 3.933659791946411 66
1758100268821 3.932948350906372 67
1758100269139 3.932856798171997 68
1758100269472 3.9328885078430176 69
1758100269781 3.9326019287109375 70
1758100270089 3.9321913719177246 71
1758100270411 3.9320931434631348 72
1758100270753 3.932490110397339 73
1758100271069 3.932149887084961 74
1758100271383 3.932915449142456 75
1758100271736 3.932732105255127 76
1758100272078 3.9322669506073 77
1758100272412 3.9326014518737793 78
1758100272712 3.933061122894287 79
1758100273047 3.9329254627227783 80
1758100273365 3.932468891143799 81
1758100273692 3.9323081970214844 82
1758100274029 3.932156801223755 83
1758100274388 3.9324634075164795 84
1758100274708 3.932948350906372 85
1758100275047 3.93249773979187 86
1758100275380 3.9324259757995605 87
1758100275713 3.932246685028076 88
1758100276092 3.932184934616089 89
1758100276435 3.9320273399353027 90
1758100276764 3.9321250915527344 91
1758100277091 3.932342529296875 92
1758100277419 3.932182788848877 93
1758100277744 3.9320507049560547 94
1758100278065 3.9322667121887207 95
1758100278441 3.9326579570770264 96
1758100278749 3.932183027267456 97
1758100279073 3.93224835395813 98
1758100279410 3.932304859161377 99
1758100279733 3.932368516921997 100
1758100280064 3.9323997497558594 101
1758100280388 3.932072401046753 102
1758100280724 3.932168483734131 103
1758100281058 3.9323482513427734 104
1758100281445 3.9322400093078613 105
1758100281812 3.9323267936706543 106
1758100282143 3.932107448577881 107
1758100282484 3.9320247173309326 108
1758100282833 3.932326555252075 109
1758100283169 3.932321071624756 110
1758100283500 3.9321084022521973 111
1758100283824 3.932201862335205 112
1758100284159 3.9321792125701904 113
1758100284483 3.93206524848938 114
1758100284843 3.9321365356445312 115
1758100285194 3.932095766067505 116
1758100285531 3.9319941997528076 117
1758100285886 3.9321601390838623 118
1758100286209 3.932058334350586 119
1758100286541 3.932077407836914 120
1758100286868 3.932011365890503 121
1758100287210 3.9321937561035156 122
1758100287552 3.9321789741516113 123
1758100287888 3.9322471618652344 124
1758100288253 3.932158946990967 125
1758100288590 3.932107448577881 126
1758100288918 3.932082414627075 127
1758100289262 3.9320340156555176 128
1758100289620 3.9320526123046875 129
1758100289950 3.932013988494873 130
1758100290278 3.932033061981201 131
1758100290605 3.9320502281188965 132
1758100290953 3.9320266246795654 133
1758100291302 3.9320740699768066 134
1758100291676 3.932149887084961 135
1758100292025 3.9320998191833496 136
1758100292365 3.9320340156555176 137
1758100292691 3.932072877883911 138
1758100293037 3.9320056438446045 139
1758100293367 3.9320709705352783 140
1758100293719 3.9320831298828125 141
1758100294067 3.932089328765869 142
1758100294400 3.9321084022521973 143
1758100294766 3.9321606159210205 144
1758100295103 3.9320743083953857 145
1758100295450 3.932034969329834 146
1758100295793 3.932692050933838 147
1758100296147 3.9321200847625732 148
1758100296524 3.9321885108947754 149
1758100248139 19.847366333007812 0
