1758100248326 0.17499999701976776 0
1758100248611 0.375 1
1758100248903 0.375 2
1758100249229 0.5687500238418579 3
1758100249549 0.768750011920929 4
1758100249843 0.96875 5
1758100250136 0.96875 6
1758100250424 0.96875 7
1758100250715 0.96875 8
1758100250995 0.7749999761581421 9
1758100251282 0.7749999761581421 10
1758100251578 0.5687500238418579 11
1758100251883 0.3687500059604645 12
1758100252162 0.3687500059604645 13
1758100252498 0.3687500059604645 14
1758100252790 0.768750011920929 15
1758100253083 0.96875 16
1758100253379 0.96875 17
1758100253751 0.96875 18
1758100254048 0.96875 19
1758100254357 0.96875 20
1758100254644 0.96875 21
1758100254939 0.96875 22
1758100255241 0.96875 23
1758100255536 0.96875 24
1758100255881 0.768750011920929 25
1758100256177 0.768750011920929 26
1758100256487 0.96875 27
1758100256786 0.96875 28
1758100257105 0.96875 29
1758100257395 0.96875 30
1758100257694 0.96875 31
1758100257992 0.96875 32
1758100258309 0.96875 33
1758100258610 0.96875 34
1758100258932 0.96875 35
1758100259253 0.96875 36
1758100259557 0.96875 37
1758100259890 0.96875 38
1758100260194 0.96875 39
1758100260551 0.96875 40
1758100260855 0.96875 41
1758100261154 0.96875 42
1758100261460 0.96875 43
1758100261761 0.96875 44
1758100262080 0.96875 45
1758100262390 0.96875 46
1758100262714 0.96875 47
1758100263034 0.96875 48
1758100263341 0.96875 49
1758100263640 0.96875 50
1758100263945 0.96875 51
1758100264259 0.96875 52
1758100264567 0.96875 53
1758100264897 0.96875 54
1758100265204 0.96875 55
1758100265548 0.96875 56
1758100265851 0.96875 57
1758100266178 0.96875 58
1758100266475 0.96875 59
1758100266822 0.96875 60
1758100267153 0.96875 61
1758100267453 0.96875 62
1758100267765 0.96875 63
1758100268075 0.96875 64
1758100268384 0.96875 65
1758100268724 0.96875 66
1758100269043 0.96875 67
1758100269380 0.96875 68
1758100269690 0.96875 69
1758100269997 0.96875 70
1758100270319 0.96875 71
1758100270642 0.96875 72
1758100270976 0.96875 73
1758100271291 0.96875 74
1758100271634 0.96875 75
1758100271989 0.96875 76
1758100272328 0.96875 77
1758100272624 0.96875 78
1758100272957 0.96875 79
1758100273268 0.96875 80
1758100273591 0.96875 81
1758100273933 0.96875 82
1758100274291 0.96875 83
1758100274619 0.96875 84
1758100274934 0.96875 85
1758100275288 0.96875 86
1758100275618 0.96875 87
1758100275991 0.96875 88
1758100276341 0.96875 89
1758100276673 0.96875 90
1758100276993 0.96875 91
1758100277328 0.96875 92
1758100277637 0.96875 93
1758100277970 0.96875 94
1758100278330 0.96875 95
1758100278660 0.96875 96
1758100278975 0.96875 97
1758100279312 0.96875 98
1758100279642 0.96875 99
1758100279964 0.96875 100
1758100280287 0.96875 101
1758100280627 0.96875 102
1758100280966 0.96875 103
1758100281307 0.96875 104
1758100281720 0.96875 105
1758100282051 0.96875 106
1758100282393 0.96875 107
1758100282736 0.96875 108
1758100283070 0.96875 109
1758100283407 0.96875 110
1758100283732 0.96875 111
1758100284050 0.96875 112
1758100284388 0.96875 113
1758100284715 0.96875 114
1758100285102 0.96875 115
1758100285435 0.96875 116
1758100285794 0.96875 117
1758100286114 0.96875 118
1758100286452 0.96875 119
1758100286774 0.96875 120
1758100287120 0.96875 121
1758100287460 0.96875 122
1758100287791 0.96875 123
1758100288161 0.96875 124
1758100288496 0.96875 125
1758100288821 0.96875 126
1758100289165 0.96875 127
1758100289525 0.96875 128
1758100289856 0.96875 129
1758100290189 0.96875 130
1758100290508 0.96875 131
1758100290860 0.96875 132
1758100291192 0.96875 133
1758100291575 0.96875 134
1758100291929 0.96875 135
1758100292265 0.96875 136
1758100292601 0.96875 137
1758100292938 0.96875 138
1758100293277 0.96875 139
1758100293623 0.96875 140
1758100293971 0.96875 141
1758100294309 0.96875 142
1758100294672 0.96875 143
1758100295006 0.96875 144
1758100295354 0.96875 145
1758100295697 0.96875 146
1758100296045 0.96875 147
1758100296430 0.96875 148
1758100296761 0.96875 149
1758100248326 0.17499999701976776 0
