1758092403331 16.729412078857422 0
1758092403742 16.69938087463379 1
1758092404134 16.685205459594727 2
1758092404558 16.67658042907715 3
1758092404964 16.65865707397461 4
1758092405332 16.63675308227539 5
1758092405703 16.62493896484375 6
1758092406094 16.61409568786621 7
1758092406498 16.612184524536133 8
1758092406871 16.59933853149414 9
1758092407229 16.586376190185547 10
1758092407682 16.56485366821289 11
1758092408070 16.54843521118164 12
1758092408463 16.529138565063477 13
1758092408945 16.509601593017578 14
1758092409342 16.495479583740234 15
1758092409802 16.481050491333008 16
1758092410202 16.44632339477539 17
1758092410643 16.406600952148438 18
1758092411103 16.384424209594727 19
1758092411504 16.358936309814453 20
1758092411916 16.323179244995117 21
1758092412297 16.27981948852539 22
1758092412713 16.2545166015625 23
1758092413073 16.238100051879883 24
1758092413478 16.20732879638672 25
1758092413869 16.180686950683594 26
1758092414264 16.15194320678711 27
1758092414686 16.12738609313965 28
1758092415108 16.088424682617188 29
1758092415515 16.051448822021484 30
1758092415909 16.026473999023438 31
1758092416316 15.987629890441895 32
1758092416742 15.966451644897461 33
1758092417148 15.946832656860352 34
1758092417545 15.912930488586426 35
1758092417968 15.886285781860352 36
1758092418351 15.857317924499512 37
1758092418770 15.822607040405273 38
1758092419182 15.775955200195312 39
1758092419593 15.747415542602539 40
1758092419989 15.730781555175781 41
1758092420385 15.70722484588623 42
1758092420778 15.687352180480957 43
1758092421208 15.655044555664062 44
1758092421612 15.63117790222168 45
1758092422025 15.62091064453125 46
1758092422463 15.588159561157227 47
1758092422881 15.568901062011719 48
1758092423311 15.539270401000977 49
1758092403331 16.729412078857422 0
