1758092403244 1964.2265625 0
1758092403660 1960.9449462890625 1
1758092404027 1959.515625 2
1758092404473 1958.140380859375 3
1758092404869 1955.7779541015625 4
1758092405238 1952.928466796875 5
1758092405593 1950.429931640625 6
1758092406009 1948.7142333984375 7
1758092406415 1948.188232421875 8
1758092406793 1944.5347900390625 9
1758092407141 1942.520751953125 10
1758092407587 1937.5650634765625 11
1758092407976 1934.7841796875 12
1758092408378 1930.0267333984375 13
1758092408853 1925.615478515625 14
1758092409249 1922.8779296875 15
1758092409698 1919.197998046875 16
1758092410113 1915.896484375 17
1758092410530 1909.8125 18
1758092410998 1905.904296875 19
1758092411401 1899.752685546875 20
1758092411816 1896.866455078125 21
1758092412203 1889.271484375 22
1758092412624 1883.392333984375 23
1758092412986 1879.611328125 24
1758092413372 1874.4326171875 25
1758092413774 1868.771728515625 26
1758092414169 1864.9927978515625 27
1758092414590 1859.3792724609375 28
1758092415015 1854.337646484375 29
1758092415407 1849.88671875 30
1758092415813 1845.346435546875 31
1758092416230 1839.382080078125 32
1758092416634 1834.6031494140625 33
1758092417059 1829.5888671875 34
1758092417441 1823.938720703125 35
1758092417865 1818.977783203125 36
1758092418262 1815.916259765625 37
1758092418677 1810.3255615234375 38
1758092419090 1803.429931640625 39
1758092419498 1799.1527099609375 40
1758092419897 1796.134033203125 41
1758092420296 1792.247314453125 42
1758092420692 1788.0247802734375 43
1758092421102 1782.564208984375 44
1758092421506 1779.160888671875 45
1758092421929 1776.778564453125 46
1758092422362 1772.095458984375 47
1758092422780 1769.2418212890625 48
1758092423209 1764.9908447265625 49
1758092403244 1964.2265625 0
