1758092403415 44.31959533691406 0
1758092403824 44.28255844116211 1
1758092404231 44.266414642333984 2
1758092404658 44.25088119506836 3
1758092405048 44.224178314208984 4
1758092405417 44.191951751708984 5
1758092405797 44.163673400878906 6
1758092406195 44.14424514770508 7
1758092406585 44.13828659057617 8
1758092406950 44.09687805175781 9
1758092407317 44.07403564453125 10
1758092407766 44.01778030395508 11
1758092408154 43.986183166503906 12
1758092408556 43.93206787109375 13
1758092409046 43.8818359375 14
1758092409457 43.85063171386719 15
1758092409900 43.808650970458984 16
1758092410293 43.77095413208008 17
1758092410728 43.70140075683594 18
1758092411203 43.65666198730469 19
1758092411608 43.586151123046875 20
1758092412011 43.55303192138672 21
1758092412395 43.46575164794922 22
1758092412799 43.398067474365234 23
1758092413176 43.35448455810547 24
1758092413561 43.29471969604492 25
1758092413963 43.22929382324219 26
1758092414364 43.18556213378906 27
1758092414776 43.120521545410156 28
1758092415209 43.06201934814453 29
1758092415607 43.010311126708984 30
1758092416009 42.957496643066406 31
1758092416412 42.88801956176758 32
1758092416863 42.83226776123047 33
1758092417239 42.7736930847168 34
1758092417640 42.70759582519531 35
1758092418067 42.64947509765625 36
1758092418449 42.61356735229492 37
1758092418871 42.54792022705078 38
1758092419285 42.4668083190918 39
1758092419679 42.416419982910156 40
1758092420081 42.380821228027344 41
1758092420482 42.33494186401367 42
1758092420864 42.28504180908203 43
1758092421307 42.22042465209961 44
1758092421728 42.18009948730469 45
1758092422133 42.151851654052734 46
1758092422551 42.09626388549805 47
1758092422988 42.062355041503906 48
1758092423405 42.01179504394531 49
1758092403415 44.31959533691406 0
