1758092403522 0.5874999761581421 0
1758092403924 0.5874999761581421 1
1758092404344 0.9624999761581421 2
1758092404765 0.9624999761581421 3
1758092405147 0.9624999761581421 4
1758092405507 0.9624999761581421 5
1758092405901 0.9624999761581421 6
1758092406282 0.9624999761581421 7
1758092406677 0.9624999761581421 8
1758092407046 0.9624999761581421 9
1758092407446 0.9624999761581421 10
1758092407884 0.9624999761581421 11
1758092408262 0.9624999761581421 12
1758092408666 0.9624999761581421 13
1758092409156 0.9624999761581421 14
1758092409574 0.9624999761581421 15
1758092410007 0.9624999761581421 16
1758092410415 0.9624999761581421 17
1758092410820 0.9624999761581421 18
1758092411293 0.9624999761581421 19
1758092411708 0.9624999761581421 20
1758092412103 0.9624999761581421 21
1758092412520 0.9624999761581421 22
1758092412890 0.7875000238418579 23
1758092413280 0.7875000238418579 24
1758092413674 0.7875000238418579 25
1758092414068 0.612500011920929 26
1758092414463 0.7875000238418579 27
1758092414886 0.7875000238418579 28
1758092415304 0.7875000238418579 29
1758092415709 0.9624999761581421 30
1758092416110 0.9624999761581421 31
1758092416523 0.9624999761581421 32
1758092416956 0.9624999761581421 33
1758092417334 0.9624999761581421 34
1758092417756 0.9624999761581421 35
1758092418174 0.9624999761581421 36
1758092418555 0.9624999761581421 37
1758092418986 0.9624999761581421 38
1758092419401 0.9624999761581421 39
1758092419796 0.9624999761581421 40
1758092420202 0.9624999761581421 41
1758092420573 0.9624999761581421 42
1758092420979 0.9624999761581421 43
1758092421413 0.9624999761581421 44
1758092421830 0.9624999761581421 45
1758092422250 0.7875000238418579 46
1758092422652 0.9624999761581421 47
1758092423105 0.9624999761581421 48
1758092423526 0.9624999761581421 49
1758092403522 0.5874999761581421 0
