1758715150270 0.010621097155231558 0
1758715257078 0.0001061521037752891 1
1758715364040 0.00010487562024341734 2
1758715470036 0.00010569639938295145 3
1758715576458 0.00011171534868278299 4
1758715683697 0.00010849732591701456 5
1758715791878 0.00012666679771213435 6
1758715899636 0.0001203996399496856 7
1758716008270 0.00012036428961052366 8
1758716116463 0.00011523006421391646 9
1758716224645 0.00010908876029467139 10
1758716333112 0.00011465543886190769 11
1758716441285 0.00010631694848518276 12
1758716548533 9.955460592033024e-05 13
1758716654425 9.720686778001553e-05 14
1758716760517 9.509670800059153e-05 15
1758716866122 8.08725039092799e-05 16
1758716972177 8.47604806362475e-05 17
1758717078506 7.827242806667393e-05 18
1758717185536 6.952990758305896e-05 19
1758717293909 6.717760103531979e-05 20
1758717402484 5.584793340848061e-05 21
1758717511046 6.043390099933606e-05 22
1758717618490 5.188207038605364e-05 23
1758717725855 4.962706983762663e-05 24
1758717833200 4.327941683766879e-05 25
1758717940922 4.3829309466472606e-05 26
1758718048447 3.9319235059929726e-05 27
1758718155624 3.578563159134776e-05 28
1758718263203 3.289900849851413e-05 29
1758718371042 3.1652016173823566e-05 30
1758718477975 2.9379170843592113e-05 31
1758718583432 2.7076323816380773e-05 32
1758718688388 2.4911971678307998e-05 33
1758718793372 2.2980203095339395e-05 34
1758718898494 2.1905357540611326e-05 35
1758719003543 2.110610515146581e-05 36
1758719109784 1.914893002473394e-05 37
1758719217017 1.8832345679725145e-05 38
1758719324204 1.7753918557037254e-05 39
1758719431332 1.6417492077367506e-05 40
1758719538219 1.6526355637780954e-05 41
1758719645616 1.3868633177573019e-05 42
1758719753122 1.3975090237518061e-05 43
1758719860592 1.3843101182179193e-05 44
1758719968250 1.2293300859047613e-05 45
1758720075702 1.2191945386263117e-05 46
1758720183442 1.2874700939968725e-05 47
1758720291129 1.1462492410663759e-05 48
1758720397622 1.1705126880540512e-05 49
1758715150270 0.010621097155231558 0
