1758715150275 0.02917813515574246 0
1758715257084 0.008191435603058328 1
1758715364046 0.008166449143990031 2
1758715470042 0.008176040654408832 3
1758715576464 0.008407107767121785 4
1758715683703 0.008294563948410235 5
1758715791883 0.008953194308606522 6
1758715899642 0.008776201511958195 7
1758716008275 0.008787921903277715 8
1758716116468 0.008565423250400913 9
1758716224651 0.00830775460107346 10
1758716333130 0.008519227401181852 11
1758716441291 0.008190015052257707 12
1758716548539 0.007891082836268437 13
1758716654431 0.007887948927332467 14
1758716760523 0.007799934317909184 15
1758716866128 0.007170414998198381 16
1758716972183 0.007291843488837273 17
1758717078522 0.007070960347273353 18
1758717185542 0.006661039022416997 19
1758717293925 0.006545454187312476 20
1758717402490 0.005901506810517582 21
1758717511052 0.006081891243849502 22
1758717618496 0.00574794560554111 23
1758717725861 0.005560197754430427 24
1758717833206 0.005228492085600118 25
1758717940928 0.005291320974990538 26
1758718048453 0.004941542779593027 27
1758718155630 0.004754910331665516 28
1758718263209 0.0045456260601541825 29
1758718371048 0.00446175004555548 30
1758718477982 0.004329640590743641 31
1758718583439 0.004128262142169975 32
1758718688395 0.003961303880724989 33
1758718793379 0.0038156866466824246 34
1758718898500 0.00370761405147276 35
1758719003549 0.003650543184754605 36
1758719109791 0.003459896686311886 37
1758719217023 0.00345740138730215 38
1758719324211 0.0032938065667953765 39
1758719431349 0.0032075253722782067 40
1758719538225 0.0032098354694053287 41
1758719645622 0.002927423767006525 42
1758719753141 0.0029641142767765027 43
1758719860599 0.0029104779523547544 44
1758719968257 0.0027555625291992717 45
1758720075708 0.0027534283007918086 46
1758720183449 0.002792577535358719 47
1758720291136 0.002659531765862588 48
1758720397629 0.0026605014253381905 49
1758715150275 0.02917813515574246 0
