1758715150284 0.9973025863436822 0
1758715257094 1.0 1
1758715364056 1.0 2
1758715470052 1.0 3
1758715576474 1.0 4
1758715683713 1.0 5
1758715791894 1.0 6
1758715899652 1.0 7
1758716008286 1.0 8
1758716116479 1.0 9
1758716224661 1.0 10
1758716333149 1.0 11
1758716441302 1.0 12
1758716548550 1.0 13
1758716654442 1.0 14
1758716760533 1.0 15
1758716866139 1.0 16
1758716972194 1.0 17
1758717078543 1.0 18
1758717185553 1.0 19
1758717293944 1.0 20
1758717402501 1.0 21
1758717511063 1.0 22
1758717618508 1.0 23
1758717725873 1.0 24
1758717833218 1.0 25
1758717940940 1.0 26
1758718048465 1.0 27
1758718155642 1.0 28
1758718263221 1.0 29
1758718371060 1.0 30
1758718477994 1.0 31
1758718583451 1.0 32
1758718688407 1.0 33
1758718793391 1.0 34
1758718898513 1.0 35
1758719003561 1.0 36
1758719109803 1.0 37
1758719217035 1.0 38
1758719324223 1.0 39
1758719431371 1.0 40
1758719538238 1.0 41
1758719645635 1.0 42
1758719753163 1.0 43
1758719860611 1.0 44
1758719968269 1.0 45
1758720075721 1.0 46
1758720183462 1.0 47
1758720291149 1.0 48
1758720397642 1.0 49
1758715150284 0.9973025863436822 0
