1758715150279 0.03454079116104665 0
1758715257089 0.010293170245543706 1
1758715364051 0.010223706257256913 2
1758715470047 0.010250625476661186 3
1758715576469 0.010503890549104668 4
1758715683708 0.010353730512595652 5
1758715791888 0.011110271525756884 6
1758715899647 0.010848699089000003 7
1758716008281 0.010824731764201212 8
1758716116474 0.01055364435989952 9
1758716224656 0.010271126066641965 10
1758716333140 0.010527260494236433 11
1758716441296 0.010098873817113089 12
1758716548544 0.009768022559163508 13
1758716654436 0.00966362550179059 14
1758716760528 0.009572175669669001 15
1758716866133 0.008833893791312797 16
1758716972188 0.008993110881341347 17
1758717078533 0.008679302716710963 18
1758717185547 0.008171318741572911 19
1758717293935 0.008050987028035134 20
1758717402496 0.0073036446481921065 21
1758717511057 0.007547843628725785 22
1758717618502 0.007041573762391638 23
1758717725867 0.006818764956635804 24
1758717833212 0.0064488867420766025 25
1758717940934 0.006464444143489652 26
1758718048459 0.006097904693367017 27
1758718155636 0.005839842156680316 28
1758718263215 0.005607596883449702 29
1758718371054 0.005490362651855188 30
1758718477988 0.00529726988105891 31
1758718583445 0.005084050855063761 32
1758718688401 0.00488306550793663 33
1758718793385 0.004701623667740646 34
1758718898507 0.004570854968097928 35
1758719003555 0.004478367201325053 36
1758719109797 0.004261328770346144 37
1758719217029 0.004263127352489196 38
1758719324217 0.004082198679257925 39
1758719431361 0.00394598790502312 40
1758719538232 0.003993672727598669 41
1758719645628 0.003648095289273325 42
1758719753153 0.0036595269726635528 43
1758719860605 0.0036175745323887717 44
1758719968263 0.0034288112385694107 45
1758720075715 0.0034132921617551428 46
1758720183455 0.0034691228473127224 47
1758720291142 0.003321045934664336 48
1758720397635 0.0033274943202307615 49
1758715150279 0.03454079116104665 0
