1758115299170 4.673254489898682 0
1758115299568 3.8402271270751953 1
1758115299965 3.2941622734069824 2
1758115300365 3.049434185028076 3
1758115300723 2.8685262203216553 4
1758115301066 2.764747142791748 5
1758115301391 2.6867568492889404 6
1758115301743 2.6158087253570557 7
1758115302109 2.546109676361084 8
1758115302452 2.515859842300415 9
1758115302800 2.48519229888916 10
1758115303215 2.4677116870880127 11
1758115303585 2.447404146194458 12
1758115303920 2.4262256622314453 13
1758115304265 2.413897752761841 14
1758115304610 2.4021551609039307 15
1758115304960 2.3815114498138428 16
1758115305359 2.3672611713409424 17
1758115305711 2.353130340576172 18
1758115306047 2.336068868637085 19
1758115306429 2.318356513977051 20
1758115306790 2.3039870262145996 21
1758115307135 2.2894959449768066 22
1758115307476 2.2885119915008545 23
1758115307824 2.253504753112793 24
1758115308159 2.2455508708953857 25
1758115308522 2.236809492111206 26
1758115308884 2.222282886505127 27
1758115309231 2.201833486557007 28
1758115309585 2.19197416305542 29
1758115309974 2.1728320121765137 30
1758115310327 2.1764678955078125 31
1758115310675 2.16219162940979 32
1758115311036 2.145221471786499 33
1758115311386 2.1318531036376953 34
1758115311747 2.1153697967529297 35
1758115312122 2.1137964725494385 36
1758115312479 2.0990102291107178 37
1758115312822 2.0781500339508057 38
1758115313176 2.0758309364318848 39
1758115313554 2.074599266052246 40
1758115313930 2.065279006958008 41
1758115314282 2.0541160106658936 42
1758115314637 2.035881280899048 43
1758115315011 2.0349960327148438 44
1758115315366 2.0285351276397705 45
1758115315732 2.026937484741211 46
1758115316095 2.012202024459839 47
1758115316465 1.9944849014282227 48
1758115316821 1.9972666501998901 49
1758115299170 4.673254489898682 0
