1758115299255 0.4285714328289032 0
1758115299640 0.5714285969734192 1
1758115300056 0.7428571581840515 2
1758115300456 0.7714285850524902 3
1758115300807 0.8571428656578064 4
1758115301136 0.8285714387893677 5
1758115301462 0.8285714387893677 6
1758115301816 0.800000011920929 7
1758115302183 0.800000011920929 8
1758115302526 0.8285714387893677 9
1758115302891 0.8571428656578064 10
1758115303283 0.7714285850524902 11
1758115303663 0.8857142925262451 12
1758115303990 0.8571428656578064 13
1758115304336 0.7714285850524902 14
1758115304685 0.7714285850524902 15
1758115305042 0.7714285850524902 16
1758115305435 0.7714285850524902 17
1758115305780 0.8571428656578064 18
1758115306117 0.8857142925262451 19
1758115306500 0.8857142925262451 20
1758115306864 0.8571428656578064 21
1758115307202 0.8571428656578064 22
1758115307554 0.8857142925262451 23
1758115307883 0.8857142925262451 24
1758115308236 0.9142857193946838 25
1758115308601 0.9142857193946838 26
1758115308954 0.8857142925262451 27
1758115309311 0.9142857193946838 28
1758115309660 0.8571428656578064 29
1758115310044 0.8285714387893677 30
1758115310406 0.800000011920929 31
1758115310752 0.8571428656578064 32
1758115311109 0.800000011920929 33
1758115311457 0.8857142925262451 34
1758115311826 0.8857142925262451 35
1758115312194 0.9142857193946838 36
1758115312550 0.9142857193946838 37
1758115312898 0.9428571462631226 38
1758115313248 0.8857142925262451 39
1758115313623 0.9142857193946838 40
1758115313997 0.8285714387893677 41
1758115314363 0.7142857313156128 42
1758115314711 0.7428571581840515 43
1758115315090 0.9428571462631226 44
1758115315444 0.8857142925262451 45
1758115315805 0.8857142925262451 46
1758115316170 0.8285714387893677 47
1758115316546 0.9428571462631226 48
1758115316900 0.8857142925262451 49
1758115299255 0.4285714328289032 0
