1758115298991 21.839309692382812 0
1758115299402 14.747344017028809 1
1758115299767 10.851505279541016 2
1758115300181 9.29904842376709 3
1758115300571 8.228442192077637 4
1758115300909 7.643826961517334 5
1758115301245 7.218662261962891 6
1758115301586 6.842455863952637 7
1758115301943 6.482674598693848 8
1758115302300 6.3295512199401855 9
1758115302644 6.176180362701416 10
1758115303025 6.089601516723633 11
1758115303400 5.989787578582764 12
1758115303773 5.886570930480957 13
1758115304108 5.826902866363525 14
1758115304456 5.770349979400635 15
1758115304809 5.671596527099609 16
1758115305166 5.603925704956055 17
1758115305565 5.537222385406494 18
1758115305893 5.457218170166016 19
1758115306239 5.374777317047119 20
1758115306621 5.308356761932373 21
1758115306983 5.241791248321533 22
1758115307299 5.2372870445251465 23
1758115307666 5.078283786773682 24
1758115308000 5.04249906539917 25
1758115308360 5.003316879272461 26
1758115308724 4.938541412353516 27
1758115309065 4.8480706214904785 28
1758115309428 4.804750442504883 29
1758115309785 4.721199035644531 30
1758115310168 4.7370123863220215 31
1758115310521 4.675072193145752 32
1758115310878 4.601975440979004 33
1758115311226 4.544797420501709 34
1758115311578 4.474789619445801 35
1758115311966 4.468135356903076 36
1758115312311 4.405844211578369 37
1758115312663 4.318707466125488 38
1758115313016 4.309074401855469 39
1758115313367 4.303961753845215 40
1758115313752 4.265377044677734 41
1758115314116 4.219392776489258 42
1758115314481 4.14481258392334 43
1758115314826 4.141209125518799 44
1758115315207 4.114954948425293 45
1758115315571 4.108475685119629 46
1758115315929 4.048956871032715 47
1758115316284 3.9779698848724365 48
1758115316663 3.989074230194092 49
1758115298991 21.839309692382812 0
