1758115299083 2.298382043838501 0
1758115299491 1.878448486328125 1
1758115299863 1.601854681968689 2
1758115300266 1.5464822053909302 3
1758115300648 1.4532277584075928 4
1758115300988 1.4235186576843262 5
1758115301319 1.346674919128418 6
1758115301666 1.3116475343704224 7
1758115302023 1.2550885677337646 8
1758115302374 1.2252004146575928 9
1758115302717 1.1964240074157715 10
1758115303133 1.1607985496520996 11
1758115303483 1.13664710521698 12
1758115303845 1.1477164030075073 13
1758115304188 1.133965015411377 14
1758115304532 1.14682936668396 15
1758115304884 1.1291249990463257 16
1758115305269 1.1206401586532593 17
1758115305638 1.122206211090088 18
1758115305970 1.0820356607437134 19
1758115306331 1.070382833480835 20
1758115306714 1.0842533111572266 21
1758115307058 1.086788535118103 22
1758115307391 1.0638997554779053 23
1758115307753 1.0586649179458618 24
1758115308081 1.0501116514205933 25
1758115308431 1.0317121744155884 26
1758115308805 1.0362573862075806 27
1758115309156 1.009438157081604 28
1758115309507 1.0202670097351074 29
1758115309874 0.9848321080207825 30
1758115310249 1.017311930656433 31
1758115310597 0.974308431148529 32
1758115310957 0.9774071574211121 33
1758115311304 0.9603800177574158 34
1758115311659 0.9609169960021973 35
1758115312046 0.9451053142547607 36
1758115312400 0.9458848237991333 37
1758115312741 0.9199991226196289 38
1758115313096 0.9332215189933777 39
1758115313469 0.9186342358589172 40
1758115313837 0.9303731918334961 41
1758115314203 0.9090921878814697 42
1758115314562 0.9104185104370117 43
1758115314914 0.8852270841598511 44
1758115315286 0.8917630314826965 45
1758115315651 0.8780880570411682 46
1758115316016 0.8947184085845947 47
1758115316371 0.8522840738296509 48
1758115316744 0.8734509348869324 49
1758115299083 2.298382043838501 0
