1758111288015 4.5285468101501465 0
1758111288364 4.483237266540527 1
1758111288694 4.409304618835449 2
1758111289089 4.291594505310059 3
1758111289438 3.915519952774048 4
1758111289772 3.3379950523376465 5
1758111290098 3.016652822494507 6
1758111290443 2.6986639499664307 7
1758111290739 2.457045555114746 8
1758111291076 2.304659366607666 9
1758111291400 2.1472885608673096 10
1758111291779 2.079690456390381 11
1758111292120 2.0368003845214844 12
1758111292449 2.029034376144409 13
1758111292782 2.0314078330993652 14
1758111293116 2.0371062755584717 15
1758111293446 2.044631242752075 16
1758111293765 2.052284002304077 17
1758111294085 2.069617986679077 18
1758111294411 2.068234443664551 19
1758111294746 2.0793120861053467 20
1758111295354 2.079213857650757 21
1758111295811 2.0789217948913574 22
1758111296213 2.067025899887085 23
1758111296560 2.055548906326294 24
1758111296904 2.047212600708008 25
1758111297284 2.038111686706543 26
1758111297685 2.034264326095581 27
1758111298038 2.033597230911255 28
1758111298446 2.026998996734619 29
1758111298855 2.0218002796173096 30
1758111299229 2.0181190967559814 31
1758111299599 2.016413450241089 32
1758111299935 2.016411066055298 33
1758111300292 2.0168166160583496 34
1758111300637 2.0181682109832764 35
1758111301004 2.0189907550811768 36
1758111301356 2.0210537910461426 37
1758111301742 2.023056983947754 38
1758111302098 2.022082805633545 39
1758111302510 2.0215394496917725 40
1758111302886 2.0220932960510254 41
1758111303233 2.021693229675293 42
1758111303573 2.0210416316986084 43
1758111303929 2.0206661224365234 44
1758111304288 2.0213117599487305 45
1758111304636 2.0192339420318604 46
1758111305011 2.0181713104248047 47
1758111305360 2.0168819427490234 48
1758111305738 2.01649808883667 49
1758111306164 2.016371726989746 50
1758111306532 2.0160295963287354 51
1758111306881 2.0158889293670654 52
1758111307231 2.015780448913574 53
1758111307588 2.0161831378936768 54
1758111307935 2.0160067081451416 55
1758111308330 2.0162839889526367 56
1758111308695 2.0161550045013428 57
1758111309052 2.0163400173187256 58
1758111309447 2.0165436267852783 59
1758111309832 2.016779899597168 60
1758111310206 2.0167593955993652 61
1758111310594 2.0168111324310303 62
1758111311054 2.016148090362549 63
1758111311522 2.0162603855133057 64
1758111312238 2.0160961151123047 65
1758111312831 2.016031503677368 66
1758111313462 2.0158605575561523 67
1758111314003 2.015857458114624 68
1758111314384 2.01579213142395 69
1758111314838 2.0156803131103516 70
1758111315338 2.015601873397827 71
1758111315719 2.01554274559021 72
1758111316082 2.0155441761016846 73
1758111316461 2.015608072280884 74
1758111316842 2.015639305114746 75
1758111317224 2.0156517028808594 76
1758111317664 2.0155439376831055 77
1758111318224 2.0156023502349854 78
1758111318659 2.015718936920166 79
1758111319044 2.015740156173706 80
1758111319406 2.0158565044403076 81
1758111319827 2.01556134223938 82
1758111320236 2.015651226043701 83
1758111320656 2.0156259536743164 84
1758111321064 2.015761375427246 85
1758111321504 2.015611410140991 86
1758111321964 2.015563488006592 87
1758111322438 2.015589714050293 88
1758111322887 2.0155513286590576 89
1758111323307 2.015536069869995 90
1758111323737 2.0155365467071533 91
1758111324259 2.0155410766601562 92
1758111324735 2.015531301498413 93
1758111325138 2.0155816078186035 94
1758111325495 2.015530586242676 95
1758111325864 2.0155673027038574 96
1758111326243 2.015507221221924 97
1758111326619 2.0155527591705322 98
1758111326986 2.0155680179595947 99
1758111327439 2.015615463256836 100
1758111327869 2.0155067443847656 101
1758111328278 2.015493631362915 102
1758111328658 2.015545606613159 103
1758111329025 2.0155184268951416 104
1758111329397 2.015575408935547 105
1758111329760 2.015594959259033 106
1758111330122 2.0155158042907715 107
1758111330485 2.015559434890747 108
1758111330914 2.0155439376831055 109
1758111331328 2.0155787467956543 110
1758111331701 2.015568971633911 111
1758111332078 2.015566349029541 112
1758111332436 2.0155186653137207 113
1758111332836 2.0155892372131348 114
1758111333277 2.015589475631714 115
1758111333678 2.0155200958251953 116
1758111334062 2.015571117401123 117
1758111334505 2.0156750679016113 118
1758111334894 2.015556812286377 119
1758111335277 2.015509843826294 120
1758111335652 2.015511989593506 121
1758111336012 2.015542984008789 122
1758111336382 2.015530586242676 123
1758111336794 2.0155348777770996 124
1758111337216 2.0155043601989746 125
1758111337618 2.0155227184295654 126
1758111338066 2.015503406524658 127
1758111338473 2.0155951976776123 128
1758111338849 2.01558780670166 129
1758111339234 2.015531063079834 130
1758111339603 2.0155043601989746 131
1758111340012 2.0155210494995117 132
1758111340406 2.0155375003814697 133
1758111340782 2.0155141353607178 134
1758111341203 2.0155386924743652 135
1758111341656 2.0155317783355713 136
1758111342082 2.0154969692230225 137
1758111342503 2.0155880451202393 138
1758111342874 2.0155858993530273 139
1758111343264 2.0155012607574463 140
1758111343640 2.015521287918091 141
1758111344014 2.015522003173828 142
1758111344458 2.0155179500579834 143
1758111344850 2.015495538711548 144
1758111345264 2.0155608654022217 145
1758111345661 2.015529155731201 146
1758111346049 2.0154900550842285 147
1758111346442 2.0155081748962402 148
1758111346833 2.0155274868011475 149
