1758111287875 20.507734298706055 0
1758111288197 20.099414825439453 1
1758111288531 19.441967010498047 2
1758111288918 18.417781829833984 3
1758111289285 15.33129596710205 4
1758111289615 11.142210960388184 5
1758111289948 9.100194931030273 6
1758111290271 7.282787322998047 7
1758111290593 6.037072658538818 8
1758111290925 5.311455249786377 9
1758111291226 4.610848426818848 10
1758111291570 4.325112819671631 11
1758111291949 4.148556232452393 12
1758111292291 4.11698055267334 13
1758111292629 4.126617908477783 14
1758111292950 4.149801731109619 15
1758111293287 4.180516719818115 16
1758111293606 4.211869239807129 17
1758111293931 4.283318996429443 18
1758111294250 4.277593612670898 19
1758111294566 4.323538303375244 20
1758111295083 4.3231306076049805 21
1758111295548 4.321915626525879 22
1758111296022 4.2725958824157715 23
1758111296388 4.225281238555908 24
1758111296731 4.191079139709473 25
1758111297087 4.153899192810059 26
1758111297468 4.1382317543029785 27
1758111297874 4.1355180740356445 28
1758111298249 4.108724594116211 29
1758111298644 4.087676525115967 30
1758111299042 4.0728044509887695 31
1758111299427 4.06592321395874 32
1758111299769 4.065913200378418 33
1758111300123 4.067549705505371 34
1758111300471 4.073002815246582 35
1758111300835 4.076323509216309 36
1758111301182 4.084658622741699 37
1758111301535 4.092759609222412 38
1758111301921 4.088818550109863 39
1758111302323 4.086621284484863 40
1758111302708 4.088860988616943 41
1758111303063 4.08724308013916 42
1758111303405 4.084609031677246 43
1758111303744 4.0830912590026855 44
1758111304118 4.085700988769531 45
1758111304466 4.077305316925049 46
1758111304820 4.073015213012695 47
1758111305191 4.067812919616699 48
1758111305567 4.0662641525268555 49
1758111305965 4.0657548904418945 50
1758111306355 4.064374923706055 51
1758111306704 4.063808441162109 52
1758111307055 4.063370704650879 53
1758111307419 4.064994812011719 54
1758111307761 4.0642828941345215 55
1758111308127 4.065401077270508 56
1758111308520 4.064881324768066 57
1758111308882 4.065627098083496 58
1758111309225 4.066448211669922 59
1758111309652 4.067400932312012 60
1758111310035 4.067318916320801 61
1758111310394 4.0675272941589355 62
1758111310821 4.064852714538574 63
1758111311268 4.065305709838867 64
1758111311975 4.064643859863281 65
1758111312575 4.064383506774902 66
1758111313124 4.063693523406982 67
1758111313812 4.063681602478027 68
1758111314199 4.063417911529541 69
1758111314590 4.062966823577881 70
1758111315126 4.06265115737915 71
1758111315529 4.062412261962891 72
1758111315900 4.062417984008789 73
1758111316265 4.062675476074219 74
1758111316653 4.062801361083984 75
1758111317029 4.062851428985596 76
1758111317451 4.062417030334473 77
1758111317885 4.062653064727783 78
1758111318456 4.0631232261657715 79
1758111318861 4.06320858001709 80
1758111319233 4.063677787780762 81
1758111319638 4.062487602233887 82
1758111320043 4.062849998474121 83
1758111320464 4.062747955322266 84
1758111320851 4.063293933868408 85
1758111321283 4.062689304351807 86
1758111321713 4.062496185302734 87
1758111322215 4.0626020431518555 88
1758111322671 4.0624470710754395 89
1758111323101 4.062385559082031 90
1758111323524 4.062387943267822 91
1758111324020 4.062405586242676 92
1758111324513 4.062366485595703 93
1758111324947 4.062569618225098 94
1758111325318 4.062363624572754 95
1758111325684 4.062511444091797 96
1758111326048 4.06226921081543 97
1758111326449 4.062452793121338 98
1758111326807 4.062514781951904 99
1758111327223 4.0627055168151855 100
1758111327685 4.062267303466797 101
1758111328099 4.0622148513793945 102
1758111328460 4.062424182891846 103
1758111328844 4.062314987182617 104
1758111329214 4.062544345855713 105
1758111329586 4.062623500823975 106
1758111329937 4.0623040199279785 107
1758111330307 4.062479496002197 108
1758111330700 4.062417030334473 109
1758111331114 4.062558174133301 110
1758111331517 4.062518119812012 111
1758111331898 4.062507629394531 112
1758111332262 4.062315940856934 113
1758111332624 4.062600135803223 114
1758111333087 4.062600612640381 115
1758111333490 4.062321662902832 116
1758111333884 4.062526702880859 117
1758111334285 4.062946319580078 118
1758111334717 4.062469482421875 119
1758111335085 4.06227970123291 120
1758111335472 4.062288761138916 121
1758111335837 4.062413215637207 122
1758111336201 4.062363624572754 123
1758111336573 4.062381267547607 124
1758111337002 4.062258243560791 125
1758111337405 4.062331676483154 126
1758111337881 4.062254428863525 127
1758111338289 4.062624454498291 128
1758111338667 4.062594413757324 129
1758111339044 4.062365531921387 130
1758111339418 4.062257766723633 131
1758111339833 4.062325477600098 132
1758111340229 4.06239128112793 133
1758111340598 4.0622968673706055 134
1758111340999 4.062396049499512 135
1758111341440 4.062368392944336 136
1758111341865 4.062227725982666 137
1758111342313 4.062594890594482 138
1758111342693 4.062586784362793 139
1758111343065 4.0622453689575195 140
1758111343457 4.062326431274414 141
1758111343830 4.062329292297363 142
1758111344245 4.062312602996826 143
1758111344656 4.062222480773926 144
1758111345054 4.062485218048096 145
1758111345472 4.0623579025268555 146
1758111345852 4.062200546264648 147
1758111346233 4.0622735023498535 148
1758111346655 4.062351226806641 149
