1758111287947 1.9040428400039673 0
1758111288279 1.8792955875396729 1
1758111288607 1.8495101928710938 2
1758111289009 1.7977243661880493 3
1758111289364 1.6829907894134521 4
1758111289698 1.5920101404190063 5
1758111290024 1.519465446472168 6
1758111290363 1.3668581247329712 7
1758111290679 1.2400541305541992 8
1758111290990 1.1162960529327393 9
1758111291323 0.9839012026786804 10
1758111291669 0.9553555250167847 11
1758111292040 0.9150093197822571 12
1758111292372 0.9073002934455872 13
1758111292706 0.8687812089920044 14
1758111293037 0.8317121267318726 15
1758111293368 0.751498818397522 16
1758111293688 0.7096481323242188 17
1758111294012 0.7088731527328491 18
1758111294328 0.7397605776786804 19
1758111294648 0.7486521005630493 20
1758111295223 0.7533332109451294 21
1758111295678 0.7487901449203491 22
1758111296120 0.7371660470962524 23
1758111296471 0.7208724617958069 24
1758111296817 0.7080541849136353 25
1758111297197 0.7130647301673889 26
1758111297560 0.7450904250144958 27
1758111297952 0.7713273763656616 28
1758111298351 0.7764607667922974 29
1758111298757 0.7822445631027222 30
1758111299131 0.7770094275474548 31
1758111299514 0.7834390997886658 32
1758111299854 0.7945616841316223 33
1758111300208 0.8006170392036438 34
1758111300555 0.809341311454773 35
1758111300921 0.8100435137748718 36
1758111301271 0.8244122266769409 37
1758111301648 0.8415072560310364 38
1758111302005 0.8279080390930176 39
1758111302424 0.8174818754196167 40
1758111302799 0.8174710273742676 41
1758111303147 0.8162056803703308 42
1758111303488 0.816681981086731 43
1758111303844 0.8183137774467468 44
1758111304200 0.8237404823303223 45
1758111304551 0.8109860420227051 46
1758111304921 0.8027788400650024 47
1758111305275 0.7968689203262329 48
1758111305651 0.7942121624946594 49
1758111306059 0.7922687530517578 50
1758111306445 0.7888027429580688 51
1758111306796 0.7856899499893188 52
1758111307146 0.7814709544181824 53
1758111307505 0.7864394187927246 54
1758111307849 0.7755561470985413 55
1758111308224 0.7724274396896362 56
1758111308609 0.7700014114379883 57
1758111308968 0.7695414423942566 58
1758111309319 0.7684586644172668 59
1758111309747 0.7712991833686829 60
1758111310121 0.770493745803833 61
1758111310498 0.770302414894104 62
1758111310946 0.7683507800102234 63
1758111311389 0.7697370648384094 64
1758111312092 0.7714098691940308 65
1758111312697 0.7742778062820435 66
1758111313294 0.7731329798698425 67
1758111313909 0.7740833163261414 68
1758111314292 0.7769483327865601 69
1758111314726 0.7779582142829895 70
1758111315249 0.7782169580459595 71
1758111315630 0.7800740003585815 72
1758111315993 0.7782064080238342 73
1758111316357 0.7801176905632019 74
1758111316751 0.7812012434005737 75
1758111317119 0.782631516456604 76
1758111317560 0.7802876234054565 77
1758111318044 0.7819167375564575 78
1758111318566 0.7845392227172852 79
1758111318950 0.7842847108840942 80
1758111319323 0.7862952947616577 81
1758111319734 0.7798868417739868 82
1758111320149 0.7823807597160339 83
1758111320570 0.781766951084137 84
1758111320958 0.7851786613464355 85
1758111321391 0.781718373298645 86
1758111321851 0.7806035876274109 87
1758111322337 0.7800580859184265 88
1758111322784 0.7790756225585938 89
1758111323206 0.7778472900390625 90
1758111323646 0.7786937952041626 91
1758111324152 0.7765113711357117 92
1758111324621 0.7752364277839661 93
1758111325048 0.7786019444465637 94
1758111325401 0.7795757055282593 95
1758111325774 0.7746878862380981 96
1758111326134 0.7759966850280762 97
1758111326534 0.7773939967155457 98
1758111326898 0.775964617729187 99
1758111327319 0.7751962542533875 100
1758111327774 0.7765188813209534 101
1758111328190 0.7771422266960144 102
1758111328559 0.7764345407485962 103
1758111328936 0.7763799428939819 104
1758111329301 0.777778685092926 105
1758111329677 0.7787641882896423 106
1758111330031 0.7777060866355896 107
1758111330397 0.7766024470329285 108
1758111330825 0.7767481803894043 109
1758111331231 0.7796995043754578 110
1758111331607 0.7754167318344116 111
1758111331982 0.777002215385437 112
1758111332349 0.7767769694328308 113
1758111332727 0.7791966795921326 114
1758111333191 0.7787150144577026 115
1758111333588 0.7793591618537903 116
1758111333972 0.7804666757583618 117
1758111334385 0.7832530736923218 118
1758111334808 0.7799307107925415 119
1758111335177 0.7785423398017883 120
1758111335566 0.7783708572387695 121
1758111335924 0.7803246378898621 122
1758111336294 0.7784817814826965 123
1758111336690 0.7780832052230835 124
1758111337113 0.7768381237983704 125
1758111337508 0.7756685018539429 126
1758111337977 0.7769306302070618 127
1758111338385 0.7783500552177429 128
1758111338755 0.7773804068565369 129
1758111339139 0.7794284820556641 130
1758111339509 0.7768452763557434 131
1758111339920 0.7766610383987427 132
1758111340320 0.7775706052780151 133
1758111340692 0.7783662676811218 134
1758111341111 0.7759219408035278 135
1758111341539 0.7776838541030884 136
1758111341972 0.7774525880813599 137
1758111342411 0.7772647142410278 138
1758111342787 0.7806940674781799 139
1758111343158 0.7770963311195374 140
1758111343551 0.7778300642967224 141
1758111343927 0.7792699933052063 142
1758111344363 0.7793595194816589 143
1758111344752 0.7766577005386353 144
1758111345158 0.7749260663986206 145
1758111345568 0.7774601578712463 146
1758111345956 0.7766215205192566 147
1758111346332 0.7776857614517212 148
1758111346745 0.7773502469062805 149
