1758111288096 0.39375001192092896 0
1758111288439 0.7562500238418579 1
1758111288780 0.7562500238418579 2
1758111289185 0.956250011920929 3
1758111289513 0.956250011920929 4
1758111289848 0.956250011920929 5
1758111290172 0.956250011920929 6
1758111290512 0.956250011920929 7
1758111290822 0.762499988079071 8
1758111291131 0.5625 9
1758111291470 0.7562500238418579 10
1758111291853 0.5687500238418579 11
1758111292197 0.5687500238418579 12
1758111292523 0.5687500238418579 13
1758111292854 0.5687500238418579 14
1758111293193 0.5687500238418579 15
1758111293517 0.7562500238418579 16
1758111293842 0.956250011920929 17
1758111294159 0.956250011920929 18
1758111294481 0.956250011920929 19
1758111294876 0.956250011920929 20
1758111295431 0.956250011920929 21
1758111295921 0.956250011920929 22
1758111296289 0.956250011920929 23
1758111296637 0.956250011920929 24
1758111296977 0.956250011920929 25
1758111297361 0.956250011920929 26
1758111297768 0.762499988079071 27
1758111298135 0.375 28
1758111298542 0.5687500238418579 29
1758111298931 0.5687500238418579 30
1758111299313 0.956250011920929 31
1758111299676 0.956250011920929 32
1758111300011 0.956250011920929 33
1758111300371 0.956250011920929 34
1758111300728 0.956250011920929 35
1758111301083 0.956250011920929 36
1758111301428 0.956250011920929 37
1758111301828 0.956250011920929 38
1758111302184 0.956250011920929 39
1758111302608 0.956250011920929 40
1758111302963 0.956250011920929 41
1758111303311 0.956250011920929 42
1758111303646 0.956250011920929 43
1758111304013 0.956250011920929 44
1758111304366 0.956250011920929 45
1758111304712 0.956250011920929 46
1758111305092 0.956250011920929 47
1758111305446 0.956250011920929 48
1758111305847 0.956250011920929 49
1758111306243 0.956250011920929 50
1758111306609 0.956250011920929 51
1758111306956 0.956250011920929 52
1758111307312 0.956250011920929 53
1758111307663 0.956250011920929 54
1758111308015 0.956250011920929 55
1758111308418 0.956250011920929 56
1758111308769 0.956250011920929 57
1758111309128 0.956250011920929 58
1758111309540 0.956250011920929 59
1758111309931 0.956250011920929 60
1758111310281 0.956250011920929 61
1758111310679 0.956250011920929 62
1758111311156 0.956250011920929 63
1758111311711 0.956250011920929 64
1758111312385 0.956250011920929 65
1758111312945 0.956250011920929 66
1758111313583 0.956250011920929 67
1758111314087 0.956250011920929 68
1758111314467 0.956250011920929 69
1758111314963 0.956250011920929 70
1758111315423 0.956250011920929 71
1758111315800 0.956250011920929 72
1758111316162 0.956250011920929 73
1758111316552 0.956250011920929 74
1758111316921 0.956250011920929 75
1758111317333 0.956250011920929 76
1758111317750 0.956250011920929 77
1758111318330 0.956250011920929 78
1758111318732 0.956250011920929 79
1758111319124 0.956250011920929 80
1758111319506 0.956250011920929 81
1758111319913 0.956250011920929 82
1758111320344 0.956250011920929 83
1758111320742 0.956250011920929 84
1758111321152 0.956250011920929 85
1758111321597 0.956250011920929 86
1758111322074 0.956250011920929 87
1758111322555 0.956250011920929 88
1758111322983 0.956250011920929 89
1758111323404 0.956250011920929 90
1758111323840 0.956250011920929 91
1758111324360 0.956250011920929 92
1758111324837 0.956250011920929 93
1758111325216 0.956250011920929 94
1758111325579 0.956250011920929 95
1758111325946 0.956250011920929 96
1758111326342 0.956250011920929 97
1758111326703 0.956250011920929 98
1758111327067 0.956250011920929 99
1758111327543 0.956250011920929 100
1758111327974 0.956250011920929 101
1758111328356 0.956250011920929 102
1758111328738 0.956250011920929 103
1758111329107 0.956250011920929 104
1758111329482 0.956250011920929 105
1758111329837 0.956250011920929 106
1758111330204 0.956250011920929 107
1758111330565 0.956250011920929 108
1758111331007 0.956250011920929 109
1758111331411 0.956250011920929 110
1758111331791 0.956250011920929 111
1758111332159 0.956250011920929 112
1758111332518 0.956250011920929 113
1758111332937 0.956250011920929 114
1758111333377 0.956250011920929 115
1758111333761 0.956250011920929 116
1758111334151 0.956250011920929 117
1758111334609 0.956250011920929 118
1758111334979 0.956250011920929 119
1758111335367 0.956250011920929 120
1758111335734 0.956250011920929 121
1758111336092 0.956250011920929 122
1758111336463 0.956250011920929 123
1758111336881 0.956250011920929 124
1758111337299 0.956250011920929 125
1758111337728 0.956250011920929 126
1758111338173 0.956250011920929 127
1758111338559 0.956250011920929 128
1758111338934 0.956250011920929 129
1758111339313 0.956250011920929 130
1758111339705 0.956250011920929 131
1758111340111 0.956250011920929 132
1758111340488 0.956250011920929 133
1758111340873 0.956250011920929 134
1758111341292 0.956250011920929 135
1758111341748 0.956250011920929 136
1758111342175 0.956250011920929 137
1758111342587 0.956250011920929 138
1758111342958 0.956250011920929 139
1758111343352 0.956250011920929 140
1758111343725 0.956250011920929 141
1758111344099 0.956250011920929 142
1758111344548 0.956250011920929 143
1758111344946 0.956250011920929 144
1758111345362 0.956250011920929 145
1758111345744 0.956250011920929 146
1758111346128 0.956250011920929 147
1758111346540 0.956250011920929 148
1758111346925 0.956250011920929 149
