1758111435165 0.78125 0
1758111435490 0.949999988079071 1
1758111435863 0.949999988079071 2
1758111436268 0.949999988079071 3
1758111436671 0.949999988079071 4
1758111437002 0.949999988079071 5
1758111437318 0.949999988079071 6
1758111437639 0.949999988079071 7
1758111437958 0.949999988079071 8
1758111438289 0.949999988079071 9
1758111438623 0.5625 10
1758111439004 0.16875000298023224 11
1758111439356 0.3687500059604645 12
1758111439668 0.5562499761581421 13
1758111439991 0.7562500238418579 14
1758111440328 0.7562500238418579 15
1758111440649 0.7562500238418579 16
1758111440982 0.7562500238418579 17
1758111441301 0.949999988079071 18
1758111441618 0.949999988079071 19
1758111441936 0.949999988079071 20
1758111442289 0.949999988079071 21
1758111442673 0.762499988079071 22
1758111443021 0.949999988079071 23
1758111443343 0.75 24
1758111443658 0.75 25
1758111443983 0.75 26
1758111444316 0.949999988079071 27
1758111444652 0.949999988079071 28
1758111444994 0.7562500238418579 29
1758111445329 0.7562500238418579 30
1758111445694 0.7562500238418579 31
1758111446089 0.949999988079071 32
1758111446441 0.949999988079071 33
1758111446766 0.949999988079071 34
1758111447122 0.949999988079071 35
1758111447472 0.949999988079071 36
1758111447791 0.949999988079071 37
1758111448116 0.949999988079071 38
1758111448451 0.949999988079071 39
1758111448811 0.949999988079071 40
1758111449153 0.949999988079071 41
1758111449534 0.949999988079071 42
1758111449891 0.949999988079071 43
1758111450223 0.949999988079071 44
1758111450550 0.949999988079071 45
1758111450870 0.949999988079071 46
1758111451198 0.949999988079071 47
1758111451554 0.949999988079071 48
1758111451907 0.949999988079071 49
1758111452259 0.949999988079071 50
1758111452599 0.949999988079071 51
1758111452922 0.949999988079071 52
1758111453299 0.949999988079071 53
1758111453653 0.949999988079071 54
1758111453992 0.949999988079071 55
1758111454324 0.949999988079071 56
1758111454661 0.949999988079071 57
1758111455003 0.949999988079071 58
1758111455373 0.949999988079071 59
1758111455713 0.949999988079071 60
1758111456086 0.949999988079071 61
1758111456430 0.949999988079071 62
1758111456811 0.949999988079071 63
1758111457162 0.949999988079071 64
1758111457505 0.949999988079071 65
1758111457842 0.949999988079071 66
1758111458256 0.949999988079071 67
1758111458731 0.949999988079071 68
1758111459070 0.949999988079071 69
1758111459411 0.949999988079071 70
1758111459840 0.949999988079071 71
1758111460225 0.949999988079071 72
1758111460672 0.949999988079071 73
1758111461076 0.949999988079071 74
1758111461411 0.949999988079071 75
1758111461811 0.949999988079071 76
1758111462152 0.949999988079071 77
1758111462491 0.949999988079071 78
1758111462862 0.949999988079071 79
1758111463222 0.949999988079071 80
1758111463595 0.949999988079071 81
1758111463975 0.949999988079071 82
1758111464347 0.949999988079071 83
1758111464689 0.949999988079071 84
1758111465104 0.949999988079071 85
1758111465445 0.949999988079071 86
1758111465803 0.949999988079071 87
1758111466144 0.949999988079071 88
1758111466483 0.949999988079071 89
1758111466822 0.949999988079071 90
1758111467200 0.949999988079071 91
1758111467560 0.949999988079071 92
1758111467941 0.949999988079071 93
1758111468323 0.949999988079071 94
1758111468666 0.949999988079071 95
1758111469014 0.949999988079071 96
1758111469372 0.949999988079071 97
1758111469731 0.949999988079071 98
1758111470101 0.949999988079071 99
1758111470454 0.949999988079071 100
1758111470821 0.949999988079071 101
1758111471235 0.949999988079071 102
1758111471636 0.949999988079071 103
1758111471991 0.949999988079071 104
1758111472347 0.949999988079071 105
1758111472696 0.949999988079071 106
1758111473043 0.949999988079071 107
1758111473397 0.949999988079071 108
1758111473758 0.949999988079071 109
1758111474144 0.949999988079071 110
1758111474541 0.949999988079071 111
1758111474960 0.949999988079071 112
1758111475328 0.949999988079071 113
1758111475671 0.949999988079071 114
1758111476034 0.949999988079071 115
1758111476404 0.949999988079071 116
1758111476764 0.949999988079071 117
1758111477118 0.949999988079071 118
1758111477484 0.949999988079071 119
1758111477841 0.949999988079071 120
1758111478305 0.949999988079071 121
1758111478674 0.949999988079071 122
1758111479030 0.949999988079071 123
1758111479382 0.949999988079071 124
1758111479735 0.949999988079071 125
1758111480097 0.949999988079071 126
1758111480473 0.949999988079071 127
1758111480840 0.949999988079071 128
1758111481204 0.949999988079071 129
1758111481635 0.949999988079071 130
1758111482019 0.949999988079071 131
1758111482386 0.949999988079071 132
1758111482771 0.949999988079071 133
1758111483209 0.949999988079071 134
1758111483657 0.949999988079071 135
1758111484014 0.949999988079071 136
1758111484370 0.949999988079071 137
1758111484778 0.949999988079071 138
1758111485202 0.949999988079071 139
1758111485595 0.949999988079071 140
1758111485951 0.949999988079071 141
1758111486313 0.949999988079071 142
1758111486685 0.949999988079071 143
1758111487057 0.949999988079071 144
1758111487447 0.949999988079071 145
1758111487856 0.949999988079071 146
1758111488217 0.949999988079071 147
1758111488670 0.949999988079071 148
1758111489050 0.949999988079071 149
1758111435165 0.78125 0
