1758111435024 1.8501567840576172 0
1758111435336 1.830980658531189 1
1758111435686 1.8103870153427124 2
1758111436097 1.7670018672943115 3
1758111436506 1.679081916809082 4
1758111436855 1.5725789070129395 5
1758111437170 1.4816830158233643 6
1758111437481 1.4049267768859863 7
1758111437811 1.2339837551116943 8
1758111438146 1.086286187171936 9
1758111438457 1.0042442083358765 10
1758111438804 0.96417635679245 11
1758111439201 0.8930047154426575 12
1758111439523 0.8359429240226746 13
1758111439847 0.7738021612167358 14
1758111440166 0.704827070236206 15
1758111440500 0.7095745801925659 16
1758111440824 0.6778771281242371 17
1758111441147 0.6612259745597839 18
1758111441472 0.6672854423522949 19
1758111441791 0.6654403209686279 20
1758111442115 0.6682902574539185 21
1758111442506 0.6684648394584656 22
1758111442871 0.6673970818519592 23
1758111443197 0.6758372187614441 24
1758111443511 0.6789559125900269 25
1758111443830 0.6996542811393738 26
1758111444156 0.7006257176399231 27
1758111444494 0.7101811170578003 28
1758111444839 0.7375134229660034 29
1758111445167 0.7655331492424011 30
1758111445542 0.7708669900894165 31
1758111445878 0.7766004800796509 32
1758111446274 0.7716739177703857 33
1758111446615 0.7777875065803528 34
1758111446950 0.784467875957489 35
1758111447302 0.7982581257820129 36
1758111447639 0.8024881482124329 37
1758111447964 0.8037577867507935 38
1758111448283 0.7980693578720093 39
1758111448636 0.8058627247810364 40
1758111448987 0.7926623225212097 41
1758111449345 0.7886971831321716 42
1758111449710 0.7853380441665649 43
1758111450076 0.7835215330123901 44
1758111450399 0.7753100395202637 45
1758111450720 0.7701700925827026 46
1758111451049 0.7722331285476685 47
1758111451376 0.7602993249893188 48
1758111451741 0.7528360486030579 49
1758111452089 0.7480451464653015 50
1758111452445 0.7432745099067688 51
1758111452771 0.7419513463973999 52
1758111453138 0.7392104268074036 53
1758111453485 0.7367063164710999 54
1758111453839 0.7352943420410156 55
1758111454170 0.7348634004592896 56
1758111454506 0.7281365394592285 57
1758111454842 0.7307632565498352 58
1758111455206 0.7303611636161804 59
1758111455547 0.7344652414321899 60
1758111455910 0.7348603010177612 61
1758111456269 0.735236644744873 62
1758111456656 0.7338507771492004 63
1758111457005 0.7369290590286255 64
1758111457345 0.7414196729660034 65
1758111457680 0.7424232363700867 66
1758111458055 0.7449623942375183 67
1758111458559 0.7452104687690735 68
1758111458909 0.7488916516304016 69
1758111459251 0.7487252354621887 70
1758111459593 0.7476380467414856 71
1758111460045 0.747693657875061 72
1758111460502 0.7503516674041748 73
1758111460916 0.7534692883491516 74
1758111461253 0.751865029335022 75
1758111461623 0.7515954971313477 76
1758111461985 0.7575976252555847 77
1758111462327 0.7504798173904419 78
1758111462691 0.7546305656433105 79
1758111463047 0.7527695298194885 80
1758111463411 0.754181444644928 81
1758111463806 0.7499984502792358 82
1758111464182 0.7471544742584229 83
1758111464526 0.7492556571960449 84
1758111464928 0.7472985982894897 85
1758111465285 0.7482661604881287 86
1758111465638 0.7464802265167236 87
1758111465985 0.7436406016349792 88
1758111466321 0.7449536323547363 89
1758111466659 0.7467861771583557 90
1758111467005 0.7419269680976868 91
1758111467400 0.7420814633369446 92
1758111467771 0.7454932928085327 93
1758111468145 0.7424589395523071 94
1758111468507 0.7417035102844238 95
1758111468847 0.7447625398635864 96
1758111469204 0.7425549030303955 97
1758111469563 0.7437945008277893 98
1758111469932 0.7414189577102661 99
1758111470289 0.7468021512031555 100
1758111470638 0.7439650297164917 101
1758111471034 0.743463397026062 102
1758111471459 0.7461174726486206 103
1758111471829 0.74590003490448 104
1758111472178 0.7460259199142456 105
1758111472529 0.7490288615226746 106
1758111472886 0.745209276676178 107
1758111473228 0.7485882639884949 108
1758111473584 0.749496579170227 109
1758111473962 0.7519639730453491 110
1758111474370 0.7474089860916138 111
1758111474786 0.7499170899391174 112
1758111475152 0.7462496757507324 113
1758111475510 0.7538323402404785 114
1758111475858 0.7483420968055725 115
1758111476233 0.7459840178489685 116
1758111476586 0.7485926747322083 117
1758111476950 0.7444342374801636 118
1758111477319 0.7526772618293762 119
1758111477668 0.7455438375473022 120
1758111478089 0.7435526847839355 121
1758111478503 0.7497215270996094 122
1758111478860 0.7483774423599243 123
1758111479211 0.7572802901268005 124
1758111479571 0.7428874969482422 125
1758111479925 0.7441661953926086 126
1758111480297 0.7517250180244446 127
1758111480672 0.7499930262565613 128
1758111481016 0.7505804300308228 129
1758111481461 0.741819441318512 130
1758111481836 0.7513795495033264 131
1758111482211 0.7528170347213745 132
1758111482588 0.7469090223312378 133
1758111483012 0.7535994648933411 134
1758111483483 0.7476054430007935 135
1758111483848 0.7523130774497986 136
1758111484206 0.7472431659698486 137
1758111484593 0.7464383244514465 138
1758111485033 0.7479769587516785 139
1758111485411 0.7501136660575867 140
1758111485781 0.7437183260917664 141
1758111486140 0.7490118741989136 142
1758111486508 0.7509983777999878 143
1758111486874 0.7444931268692017 144
1758111487270 0.7458668947219849 145
1758111487658 0.7518078684806824 146
1758111488047 0.7469252347946167 147
1758111488467 0.7507385015487671 148
1758111488877 0.7470047473907471 149
1758111435024 1.8501567840576172 0
