1758111435096 4.42671012878418 0
1758111435414 4.388936519622803 1
1758111435775 4.329419136047363 2
1758111436175 4.211359977722168 3
1758111436597 3.902069330215454 4
1758111436932 3.414919137954712 5
1758111437245 2.935479164123535 6
1758111437567 2.675461769104004 7
1758111437887 2.4520342350006104 8
1758111438217 2.2473294734954834 9
1758111438543 2.1084916591644287 10
1758111438915 2.012613534927368 11
1758111439283 1.9788082838058472 12
1758111439596 1.9719516038894653 13
1758111439919 1.9809120893478394 14
1758111440245 1.9961456060409546 15
1758111440578 2.008441925048828 16
1758111440907 2.0211586952209473 17
1758111441227 2.0351147651672363 18
1758111441546 2.0363781452178955 19
1758111441865 2.0344059467315674 20
1758111442210 2.0377273559570312 21
1758111442594 2.029458999633789 22
1758111442951 2.0194308757781982 23
1758111443273 2.0056519508361816 24
1758111443589 1.9948418140411377 25
1758111443908 1.9863667488098145 26
1758111444242 1.9786598682403564 27
1758111444584 1.9689477682113647 28
1758111444921 1.9658032655715942 29
1758111445248 1.9652785062789917 30
1758111445618 1.9640177488327026 31
1758111445995 1.9644027948379517 32
1758111446365 1.964463233947754 33
1758111446691 1.9659370183944702 34
1758111447044 1.9677255153656006 35
1758111447394 1.9705078601837158 36
1758111447717 1.9716269969940186 37
1758111448042 1.972160816192627 38
1758111448373 1.9710750579833984 39
1758111448733 1.9719231128692627 40
1758111449077 1.9703985452651978 41
1758111449443 1.9696954488754272 42
1758111449804 1.9674910306930542 43
1758111450150 1.9670273065567017 44
1758111450476 1.9651840925216675 45
1758111450799 1.964476466178894 46
1758111451125 1.9645482301712036 47
1758111451480 1.9632775783538818 48
1758111451828 1.9627714157104492 49
1758111452182 1.9625571966171265 50
1758111452524 1.9627360105514526 51
1758111452849 1.9630659818649292 52
1758111453218 1.963857889175415 53
1758111453574 1.963918685913086 54
1758111453920 1.9642785787582397 55
1758111454249 1.9635791778564453 56
1758111454587 1.9634263515472412 57
1758111454923 1.963287353515625 58
1758111455297 1.96393620967865 59
1758111455635 1.9640589952468872 60
1758111456007 1.9639443159103394 61
1758111456354 1.9630661010742188 62
1758111456738 1.9628545045852661 63
1758111457087 1.9628065824508667 64
1758111457420 1.9626988172531128 65
1758111457764 1.9625970125198364 66
1758111458174 1.962597370147705 67
1758111458647 1.9625810384750366 68
1758111458989 1.962561845779419 69
1758111459336 1.962562084197998 70
1758111459706 1.9625072479248047 71
1758111460154 1.9625141620635986 72
1758111460591 1.962625503540039 73
1758111461003 1.962768316268921 74
1758111461331 1.962697148323059 75
1758111461730 1.9626874923706055 76
1758111462077 1.962976098060608 77
1758111462412 1.9625921249389648 78
1758111462779 1.9628221988677979 79
1758111463136 1.9626802206039429 80
1758111463495 1.9627840518951416 81
1758111463889 1.9626222848892212 82
1758111464267 1.9624733924865723 83
1758111464609 1.9626139402389526 84
1758111465026 1.9625362157821655 85
1758111465369 1.9625297784805298 86
1758111465725 1.9625195264816284 87
1758111466066 1.9625424146652222 88
1758111466402 1.9625252485275269 89
1758111466745 1.9626679420471191 90
1758111467089 1.9625720977783203 91
1758111467493 1.962548851966858 92
1758111467859 1.9624857902526855 93
1758111468242 1.9627312421798706 94
1758111468588 1.9625831842422485 95
1758111468931 1.9624699354171753 96
1758111469288 1.9625244140625 97
1758111469649 1.962487816810608 98
1758111470023 1.9626665115356445 99
1758111470371 1.962552547454834 100
1758111470725 1.962522268295288 101
1758111471145 1.9625179767608643 102
1758111471548 1.962539792060852 103
1758111471915 1.9625564813613892 104
1758111472268 1.962499976158142 105
1758111472617 1.962597370147705 106
1758111472966 1.9625037908554077 107
1758111473320 1.9625487327575684 108
1758111473664 1.9626003503799438 109
1758111474060 1.9628864526748657 110
1758111474457 1.9626895189285278 111
1758111474880 1.9625684022903442 112
1758111475248 1.9626492261886597 113
1758111475595 1.962977409362793 114
1758111475946 1.9625587463378906 115
1758111476326 1.9624688625335693 116
1758111476674 1.9625440835952759 117
1758111477035 1.9625920057296753 118
1758111477405 1.9629100561141968 119
1758111477753 1.9624814987182617 120
1758111478211 1.9624607563018799 121
1758111478590 1.9625850915908813 122
1758111478949 1.9626996517181396 123
1758111479301 1.9632254838943481 124
1758111479656 1.9627056121826172 125
1758111480014 1.9625681638717651 126
1758111480380 1.9630053043365479 127
1758111480760 1.9629230499267578 128
1758111481108 1.962867021560669 129
1758111481556 1.9624584913253784 130
1758111481936 1.9630045890808105 131
1758111482295 1.962864875793457 132
1758111482682 1.9627000093460083 133
1758111483118 1.9628150463104248 134
1758111483573 1.9625744819641113 135
1758111483933 1.9631210565567017 136
1758111484291 1.962744116783142 137
1758111484691 1.9627217054367065 138
1758111485123 1.9626052379608154 139
1758111485513 1.9626935720443726 140
1758111485869 1.9625450372695923 141
1758111486232 1.9626613855361938 142
1758111486596 1.9626994132995605 143
1758111486973 1.9624814987182617 144
1758111487369 1.962507724761963 145
1758111487762 1.962805151939392 146
1758111488134 1.9625697135925293 147
1758111488581 1.962681531906128 148
1758111488965 1.9624879360198975 149
1758111435096 4.42671012878418 0
