1758111434950 19.595762252807617 0
1758111435255 19.262765884399414 1
1758111435599 18.74386978149414 2
1758111435981 17.735553741455078 3
1758111436421 15.226144790649414 4
1758111436774 11.661672592163086 5
1758111437093 8.617037773132324 6
1758111437404 7.158095359802246 7
1758111437728 6.012471675872803 8
1758111438060 5.050489902496338 9
1758111438381 4.445736885070801 10
1758111438716 4.0506134033203125 11
1758111439104 3.915682315826416 12
1758111439447 3.8885931968688965 13
1758111439769 3.9240126609802246 14
1758111440083 3.9845974445343018 15
1758111440418 4.033839225769043 16
1758111440745 4.085082054138184 17
1758111441073 4.141692161560059 18
1758111441390 4.146835803985596 19
1758111441705 4.138807773590088 20
1758111442028 4.1523332595825195 21
1758111442398 4.118703365325928 22
1758111442780 4.07810115814209 23
1758111443119 4.022639751434326 24
1758111443435 3.979393720626831 25
1758111443752 3.945652723312378 26
1758111444077 3.9150948524475098 27
1758111444414 3.876755475997925 28
1758111444756 3.864382266998291 29
1758111445087 3.8623194694519043 30
1758111445444 3.857365846633911 31
1758111445790 3.8588783740997314 32
1758111446181 3.8591156005859375 33
1758111446534 3.864908218383789 34
1758111446859 3.871943712234497 35
1758111447221 3.882901430130005 36
1758111447560 3.8873131275177 37
1758111447885 3.889418363571167 38
1758111448206 3.8851370811462402 39
1758111448546 3.8884806632995605 40
1758111448907 3.8824706077575684 41
1758111449263 3.879700183868408 42
1758111449631 3.871020793914795 43
1758111449992 3.8691964149475098 44
1758111450315 3.8619487285614014 45
1758111450641 3.8591678142547607 46
1758111450969 3.859449863433838 47
1758111451292 3.854459047317505 48
1758111451654 3.8524715900421143 49
1758111452009 3.851630687713623 50
1758111452354 3.852332592010498 51
1758111452690 3.853628158569336 52
1758111453042 3.8567376136779785 53
1758111453400 3.8569767475128174 54
1758111453758 3.8583903312683105 55
1758111454087 3.8556430339813232 56
1758111454418 3.8550429344177246 57
1758111454755 3.8544974327087402 58
1758111455111 3.8570456504821777 59
1758111455468 3.8575279712677 60
1758111455812 3.8570773601531982 61
1758111456184 3.853628635406494 62
1758111456538 3.852797746658325 63
1758111456918 3.852609634399414 64
1758111457263 3.852186679840088 65
1758111457591 3.8517870903015137 66
1758111457947 3.851788282394409 67
1758111458432 3.851724147796631 68
1758111458829 3.8516488075256348 69
1758111459166 3.851649761199951 70
1758111459513 3.8514347076416016 71
1758111459944 3.851461887359619 72
1758111460359 3.851898670196533 73
1758111460813 3.85245943069458 74
1758111461172 3.852180004119873 75
1758111461518 3.852142333984375 76
1758111461905 3.8532752990722656 77
1758111462247 3.8517680168151855 78
1758111462589 3.8526711463928223 79
1758111462961 3.852113723754883 80
1758111463328 3.8525214195251465 81
1758111463720 3.85188627243042 82
1758111464075 3.851301670074463 83
1758111464445 3.851853609085083 84
1758111464803 3.851548433303833 85
1758111465200 3.851522922515869 86
1758111465548 3.85148286819458 87
1758111465897 3.8515725135803223 88
1758111466242 3.8515052795410156 89
1758111466577 3.852065324783325 90
1758111466922 3.851689100265503 91
1758111467316 3.851598024368286 92
1758111467674 3.8513503074645996 93
1758111468040 3.852313995361328 94
1758111468420 3.8517327308654785 95
1758111468764 3.851288318634033 96
1758111469111 3.851501941680908 97
1758111469477 3.851358413696289 98
1758111469832 3.852059841156006 99
1758111470203 3.8516125679016113 100
1758111470553 3.8514938354492188 101
1758111470935 3.8514766693115234 102
1758111471349 3.8515625 103
1758111471739 3.851627826690674 104
1758111472097 3.8514060974121094 105
1758111472445 3.851788282394409 106
1758111472797 3.851421356201172 107
1758111473152 3.851597547531128 108
1758111473498 3.8518002033233643 109
1758111473876 3.8529231548309326 110
1758111474248 3.8521499633789062 111
1758111474677 3.8516745567321777 112
1758111475058 3.851992130279541 113
1758111475427 3.8532803058624268 114
1758111475771 3.8516368865966797 115
1758111476143 3.8512840270996094 116
1758111476503 3.851579189300537 117
1758111476867 3.8517673015594482 118
1758111477226 3.853015899658203 119
1758111477582 3.8513336181640625 120
1758111477988 3.8512520790100098 121
1758111478418 3.8517403602600098 122
1758111478778 3.8521900177001953 123
1758111479126 3.8542544841766357 124
1758111479484 3.8522133827209473 125
1758111479836 3.8516736030578613 126
1758111480199 3.8533897399902344 127
1758111480585 3.8530666828155518 128
1758111480937 3.85284686088562 129
1758111481321 3.851243257522583 130
1758111481741 3.8533871173858643 131
1758111482118 3.8528385162353516 132
1758111482501 3.85219144821167 133
1758111482889 3.852642774581909 134
1758111483334 3.851698398590088 135
1758111483760 3.853844404220581 136
1758111484114 3.8523643016815186 137
1758111484484 3.852276563644409 138
1758111484892 3.8518195152282715 139
1758111485316 3.852165937423706 140
1758111485694 3.8515830039978027 141
1758111486055 3.8520398139953613 142
1758111486413 3.8521888256073 143
1758111486786 3.8513336181640625 144
1758111487161 3.8514366149902344 145
1758111487555 3.8526039123535156 146
1758111487956 3.851680040359497 147
1758111488368 3.852118730545044 148
1758111488773 3.8513591289520264 149
1758111434950 19.595762252807617 0
