1758110467622 1.8676738739013672 0
1758110467989 1.8418747186660767 1
1758110468333 1.8155958652496338 2
1758110468709 1.7410972118377686 3
1758110469060 1.6531574726104736 4
1758110469367 1.5500439405441284 5
1758110469697 1.4587703943252563 6
1758110470007 1.2926406860351562 7
1758110470331 1.1501514911651611 8
1758110470695 1.0357654094696045 9
1758110471063 0.9349496960639954 10
1758110471405 0.9090604782104492 11
1758110471836 0.8674379587173462 12
1758110472178 0.8729419708251953 13
1758110472515 0.8394339680671692 14
1758110472854 0.7654387354850769 15
1758110473185 0.6932814717292786 16
1758110473528 0.6637780070304871 17
1758110473843 0.6898033618927002 18
1758110474172 0.7122294306755066 19
1758110474495 0.7449032068252563 20
1758110474820 0.731932520866394 21
1758110475176 0.7389304637908936 22
1758110475643 0.710868239402771 23
1758110476052 0.6974376440048218 24
1758110476398 0.703791081905365 25
1758110476759 0.7124741077423096 26
1758110477098 0.7274059653282166 27
1758110477434 0.7525056600570679 28
1758110477788 0.7578006386756897 29
1758110478171 0.7798579335212708 30
1758110478556 0.78692227602005 31
1758110478971 0.7824048399925232 32
1758110479321 0.7779784798622131 33
1758110479662 0.7829691767692566 34
1758110480045 0.788137674331665 35
1758110480421 0.7985431551933289 36
1758110480803 0.8033344149589539 37
1758110481170 0.7915184497833252 38
1758110481592 0.7908270955085754 39
1758110481966 0.7923688888549805 40
1758110482343 0.790443480014801 41
1758110482709 0.7815977931022644 42
1758110483103 0.7799563407897949 43
1758110483474 0.7776015400886536 44
1758110483840 0.7807728052139282 45
1758110484184 0.7741469144821167 46
1758110484544 0.7660106420516968 47
1758110484898 0.7634395360946655 48
1758110485236 0.7549206614494324 49
1758110485573 0.7474044561386108 50
1758110485938 0.7454685568809509 51
1758110486285 0.7474042177200317 52
1758110486644 0.7447363138198853 53
1758110486999 0.7427400350570679 54
1758110487348 0.7394282221794128 55
1758110487746 0.7392647862434387 56
1758110488118 0.7378101348876953 57
1758110488478 0.7376086115837097 58
1758110488925 0.7364681959152222 59
1758110489466 0.7381237745285034 60
1758110489901 0.7412739992141724 61
1758110490249 0.7421398758888245 62
1758110490588 0.7442763447761536 63
1758110490950 0.7465944886207581 64
1758110491335 0.7503260970115662 65
1758110491721 0.7555776238441467 66
1758110492065 0.7513645887374878 67
1758110492398 0.7564846277236938 68
1758110492790 0.7531203031539917 69
1758110493205 0.7560586929321289 70
1758110493612 0.754425048828125 71
1758110494041 0.756706714630127 72
1758110494456 0.7604820132255554 73
1758110494875 0.7632293105125427 74
1758110495553 0.7569665312767029 75
1758110496574 0.7584203481674194 76
1758110497225 0.7562880516052246 77
1758110497731 0.7578185796737671 78
1758110498215 0.7545076608657837 79
1758110498689 0.750813364982605 80
1758110499099 0.7578185200691223 81
1758110499501 0.7492737770080566 82
1758110499867 0.7536736130714417 83
1758110500271 0.7525508999824524 84
1758110500690 0.7552177309989929 85
1758110501083 0.751484751701355 86
1758110501472 0.751433253288269 87
1758110501843 0.7560988664627075 88
1758110502205 0.7524405717849731 89
1758110502621 0.7512682676315308 90
1758110503007 0.7486296892166138 91
1758110503404 0.7506564855575562 92
1758110503759 0.7459802627563477 93
1758110504314 0.7496975064277649 94
1758110504706 0.7498751878738403 95
1758110505094 0.7458422780036926 96
1758110505476 0.7481805682182312 97
1758110505863 0.7481020092964172 98
1758110506252 0.7480531930923462 99
1758110506679 0.7523384094238281 100
1758110507082 0.7528671026229858 101
1758110507491 0.7524043917655945 102
1758110507879 0.7543465495109558 103
1758110508253 0.7532806992530823 104
1758110508629 0.7556167840957642 105
1758110509010 0.7556669116020203 106
1758110509389 0.75224769115448 107
1758110509754 0.753936767578125 108
1758110510115 0.7498019933700562 109
1758110510472 0.7512252330780029 110
1758110510834 0.7491821050643921 111
1758110511235 0.7508252859115601 112
1758110511636 0.755164623260498 113
1758110511995 0.7517249584197998 114
1758110512358 0.7516588568687439 115
1758110512709 0.7502788305282593 116
1758110513101 0.7514263391494751 117
1758110513464 0.7524422407150269 118
1758110513838 0.748319685459137 119
1758110514216 0.7489025592803955 120
1758110514635 0.7520509958267212 121
1758110515060 0.7532451152801514 122
1758110515444 0.7503829002380371 123
1758110515846 0.7490283846855164 124
1758110516260 0.7507576942443848 125
1758110516662 0.7487152814865112 126
1758110517036 0.7532275915145874 127
1758110517414 0.7531890273094177 128
1758110517792 0.7530603408813477 129
1758110518298 0.7509756088256836 130
1758110518719 0.7556391954421997 131
1758110519124 0.7524266242980957 132
1758110519520 0.752684473991394 133
1758110519927 0.7505887150764465 134
1758110520306 0.7519294619560242 135
1758110520704 0.7519022822380066 136
1758110521093 0.7495993375778198 137
1758110521520 0.7517974972724915 138
1758110521948 0.7542699575424194 139
1758110522360 0.7526895999908447 140
1758110522774 0.7501972913742065 141
1758110523167 0.7498471736907959 142
1758110523562 0.7517958879470825 143
1758110523950 0.7519487142562866 144
1758110524351 0.751738429069519 145
1758110524741 0.7526084184646606 146
1758110525249 0.7521865963935852 147
1758110525746 0.7535442113876343 148
1758110526160 0.7499316334724426 149
1758110467622 1.8676738739013672 0
