1758110467705 4.3848795890808105 0
1758110468072 4.338537693023682 1
1758110468421 4.2874884605407715 2
1758110468796 4.100273609161377 3
1758110469131 3.738725423812866 4
1758110469446 3.2033965587615967 5
1758110469771 2.796254873275757 6
1758110470082 2.5466904640197754 7
1758110470415 2.30269193649292 8
1758110470776 2.139056921005249 9
1758110471143 2.0479865074157715 10
1758110471504 1.9883970022201538 11
1758110471923 1.9703580141067505 12
1758110472262 1.9794641733169556 13
1758110472603 1.988932490348816 14
1758110472934 2.0009870529174805 15
1758110473268 2.01125168800354 16
1758110473603 2.0196480751037598 17
1758110473914 2.0170512199401855 18
1758110474246 2.0287094116210938 19
1758110474577 2.022143602371216 20
1758110474907 2.02012300491333 21
1758110475287 2.010239362716675 22
1758110475736 2.001079797744751 23
1758110476147 1.9897016286849976 24
1758110476481 1.9801360368728638 25
1758110476836 1.9717637300491333 26
1758110477180 1.968613624572754 27
1758110477514 1.9645594358444214 28
1758110477890 1.9610973596572876 29
1758110478263 1.9612395763397217 30
1758110478665 1.9609341621398926 31
1758110479054 1.9607540369033813 32
1758110479397 1.9614578485488892 33
1758110479742 1.9633971452713013 34
1758110480136 1.9652223587036133 35
1758110480506 1.9672212600708008 36
1758110480888 1.9682244062423706 37
1758110481263 1.9659333229064941 38
1758110481684 1.9659594297409058 39
1758110482071 1.9659874439239502 40
1758110482427 1.965969443321228 41
1758110482804 1.9628117084503174 42
1758110483193 1.9627856016159058 43
1758110483567 1.9622043371200562 44
1758110483923 1.9612382650375366 45
1758110484261 1.9606536626815796 46
1758110484632 1.959671974182129 47
1758110484979 1.9593751430511475 48
1758110485314 1.9591985940933228 49
1758110485668 1.9589056968688965 50
1758110486024 1.9590150117874146 51
1758110486364 1.959642767906189 52
1758110486722 1.9601820707321167 53
1758110487091 1.9599171876907349 54
1758110487431 1.9600727558135986 55
1758110487837 1.960017442703247 56
1758110488207 1.9606575965881348 57
1758110488581 1.9597148895263672 58
1758110489041 1.9599170684814453 59
1758110489594 1.9599021673202515 60
1758110489984 1.9592714309692383 61
1758110490331 1.959403395652771 62
1758110490671 1.9593943357467651 63
1758110491040 1.9593473672866821 64
1758110491432 1.9590294361114502 65
1758110491813 1.9590716361999512 66
1758110492144 1.958962321281433 67
1758110492489 1.9591313600540161 68
1758110492892 1.9588751792907715 69
1758110493305 1.9590346813201904 70
1758110493708 1.9590399265289307 71
1758110494157 1.9590678215026855 72
1758110494560 1.9592244625091553 73
1758110495024 1.9594714641571045 74
1758110495722 1.959097146987915 75
1758110496728 1.9591671228408813 76
1758110497390 1.9590400457382202 77
1758110497820 1.959183931350708 78
1758110498320 1.9589349031448364 79
1758110498800 1.958842158317566 80
1758110499190 1.9591648578643799 81
1758110499594 1.9588747024536133 82
1758110499956 1.9588844776153564 83
1758110500395 1.959012508392334 84
1758110500788 1.959181547164917 85
1758110501174 1.9589321613311768 86
1758110501561 1.9588416814804077 87
1758110501933 1.959090232849121 88
1758110502300 1.9589465856552124 89
1758110502710 1.958956003189087 90
1758110503105 1.9590215682983398 91
1758110503491 1.9588819742202759 92
1758110503907 1.958950400352478 93
1758110504409 1.9589178562164307 94
1758110504802 1.9590648412704468 95
1758110505184 1.9591420888900757 96
1758110505568 1.9588825702667236 97
1758110505954 1.9590498208999634 98
1758110506364 1.9589389562606812 99
1758110506772 1.9590202569961548 100
1758110507174 1.95888352394104 101
1758110507582 1.958924412727356 102
1758110507970 1.9589256048202515 103
1758110508344 1.9589065313339233 104
1758110508726 1.9590082168579102 105
1758110509096 1.9589824676513672 106
1758110509473 1.958860158920288 107
1758110509837 1.9589147567749023 108
1758110510198 1.9588192701339722 109
1758110510556 1.9588643312454224 110
1758110510938 1.9588698148727417 111
1758110511325 1.9589861631393433 112
1758110511717 1.9590169191360474 113
1758110512083 1.9589630365371704 114
1758110512441 1.9588850736618042 115
1758110512795 1.9588472843170166 116
1758110513187 1.958919882774353 117
1758110513550 1.9589449167251587 118
1758110513924 1.9588347673416138 119
1758110514310 1.95890212059021 120
1758110514725 1.958863377571106 121
1758110515155 1.958917498588562 122
1758110515534 1.958873987197876 123
1758110515962 1.9588427543640137 124
1758110516350 1.9588887691497803 125
1758110516751 1.958903431892395 126
1758110517127 1.958985686302185 127
1758110517505 1.9589847326278687 128
1758110517886 1.9589629173278809 129
1758110518400 1.9588649272918701 130
1758110518813 1.9591432809829712 131
1758110519227 1.958905577659607 132
1758110519620 1.9589204788208008 133
1758110520026 1.9588662385940552 134
1758110520418 1.9589426517486572 135
1758110520797 1.9588929414749146 136
1758110521193 1.95892333984375 137
1758110521632 1.958844780921936 138
1758110522060 1.9590034484863281 139
1758110522462 1.9590182304382324 140
1758110522865 1.9589600563049316 141
1758110523260 1.9588514566421509 142
1758110523655 1.9588747024536133 143
1758110524042 1.9589980840682983 144
1758110524450 1.9588770866394043 145
1758110524842 1.9589284658432007 146
1758110525393 1.958967685699463 147
1758110525839 1.9589622020721436 148
1758110526255 1.9589029550552368 149
1758110467705 4.3848795890808105 0
