1758110467542 19.227169036865234 0
1758110467891 18.82291030883789 1
1758110468247 18.382556915283203 2
1758110468617 16.81224250793457 3
1758110468982 13.978068351745605 4
1758110469291 10.261749267578125 5
1758110469621 7.8190412521362305 6
1758110469932 6.485632419586182 7
1758110470244 5.3023905754089355 8
1758110470603 4.575564384460449 9
1758110470965 4.194249153137207 10
1758110471307 3.9537224769592285 11
1758110471746 3.8823108673095703 12
1758110472094 3.918278455734253 13
1758110472430 3.955852508544922 14
1758110472767 4.003949165344238 15
1758110473094 4.045133590698242 16
1758110473443 4.078978061676025 17
1758110473766 4.068495750427246 18
1758110474086 4.11566162109375 19
1758110474410 4.089064598083496 20
1758110474739 4.080897331237793 21
1758110475088 4.041061878204346 22
1758110475533 4.0043206214904785 23
1758110475955 3.9589126110076904 24
1758110476318 3.920938491821289 25
1758110476673 3.887852430343628 26
1758110477010 3.875439405441284 27
1758110477352 3.8594939708709717 28
1758110477697 3.845902681350708 29
1758110478076 3.8464608192443848 30
1758110478451 3.8452630043029785 31
1758110478874 3.8445563316345215 32
1758110479240 3.8473167419433594 33
1758110479579 3.8549282550811768 34
1758110479959 3.8620986938476562 35
1758110480315 3.869959592819214 36
1758110480703 3.8739070892333984 37
1758110481085 3.864893674850464 38
1758110481504 3.8649964332580566 39
1758110481872 3.8651065826416016 40
1758110482252 3.8650360107421875 41
1758110482610 3.8526298999786377 42
1758110483000 3.852527141571045 43
1758110483376 3.850245714187622 44
1758110483752 3.8464553356170654 45
1758110484097 3.844162702560425 46
1758110484452 3.8403143882751465 47
1758110484812 3.839150905609131 48
1758110485153 3.838459014892578 49
1758110485481 3.8373115062713623 50
1758110485848 3.837739944458008 51
1758110486201 3.8401999473571777 52
1758110486538 3.842313766479492 53
1758110486906 3.841275453567505 54
1758110487264 3.8418853282928467 55
1758110487634 3.8416686058044434 56
1758110488029 3.8441784381866455 57
1758110488390 3.840482234954834 58
1758110488761 3.8412749767303467 59
1758110489321 3.841216564178467 60
1758110489815 3.838744640350342 61
1758110490156 3.839261531829834 62
1758110490510 3.839226245880127 63
1758110490867 3.8390421867370605 64
1758110491233 3.837796449661255 65
1758110491626 3.8379616737365723 66
1758110491985 3.837533473968506 67
1758110492318 3.83819580078125 68
1758110492683 3.8371918201446533 69
1758110493105 3.8378169536590576 70
1758110493525 3.8378372192382812 71
1758110493921 3.837946653366089 72
1758110494346 3.8385605812072754 73
1758110494767 3.8395285606384277 74
1758110495368 3.838061571121216 75
1758110496415 3.8383357524871826 76
1758110497082 3.8378376960754395 77
1758110497615 3.8384017944335938 78
1758110498106 3.837425947189331 79
1758110498561 3.8370628356933594 80
1758110499000 3.838326930999756 81
1758110499411 3.8371899127960205 82
1758110499778 3.837228298187256 83
1758110500153 3.8377299308776855 84
1758110500588 3.8383922576904297 85
1758110500985 3.8374152183532715 86
1758110501382 3.8370609283447266 87
1758110501751 3.8380343914031982 88
1758110502115 3.8374717235565186 89
1758110502524 3.8375086784362793 90
1758110502912 3.8377654552459717 91
1758110503297 3.837218761444092 92
1758110503669 3.837486743927002 93
1758110504213 3.8373589515686035 94
1758110504605 3.837934970855713 95
1758110505001 3.838237762451172 96
1758110505377 3.837221145629883 97
1758110505772 3.837876081466675 98
1758110506159 3.8374416828155518 99
1758110506585 3.8377604484558105 100
1758110506988 3.8372244834899902 101
1758110507371 3.8373847007751465 102
1758110507777 3.8373894691467285 103
1758110508162 3.8373146057128906 104
1758110508536 3.8377132415771484 105
1758110508918 3.8376121520996094 106
1758110509288 3.8371329307556152 107
1758110509664 3.8373470306396484 108
1758110510026 3.836972713470459 109
1758110510379 3.8371493816375732 110
1758110510744 3.8371708393096924 111
1758110511130 3.8376269340515137 112
1758110511534 3.837747097015381 113
1758110511903 3.837536334991455 114
1758110512267 3.837230682373047 115
1758110512618 3.837082624435425 116
1758110512997 3.837367296218872 117
1758110513365 3.837465286254883 118
1758110513746 3.83703351020813 119
1758110514106 3.8372974395751953 120
1758110514539 3.8371455669403076 121
1758110514955 3.837357997894287 122
1758110515350 3.8371875286102295 123
1758110515737 3.837064743041992 124
1758110516163 3.837245225906372 125
1758110516565 3.8373026847839355 126
1758110516937 3.837625026702881 127
1758110517320 3.8376212120056152 128
1758110517697 3.837535858154297 129
1758110518184 3.8371517658233643 130
1758110518622 3.838242292404175 131
1758110519021 3.837311267852783 132
1758110519428 3.837369441986084 133
1758110519825 3.8371570110321045 134
1758110520216 3.837456226348877 135
1758110520612 3.83726167678833 136
1758110520987 3.837380886077881 137
1758110521410 3.8370730876922607 138
1758110521842 3.8376946449279785 139
1758110522268 3.8377525806427 140
1758110522675 3.8375244140625 141
1758110523066 3.837099075317383 142
1758110523458 3.8371901512145996 143
1758110523851 3.8376736640930176 144
1758110524244 3.8371994495391846 145
1758110524645 3.8374009132385254 146
1758110525128 3.837554454803467 147
1758110525636 3.8375327587127686 148
1758110526057 3.8373007774353027 149
1758110467542 19.227169036865234 0
