1758110467783 0.5625 0
1758110468152 0.5625 1
1758110468507 0.7562500238418579 2
1758110468883 0.7562500238418579 3
1758110469202 0.7562500238418579 4
1758110469528 0.956250011920929 5
1758110469846 0.956250011920929 6
1758110470150 0.956250011920929 7
1758110470499 0.956250011920929 8
1758110470848 0.762499988079071 9
1758110471215 0.574999988079071 10
1758110471574 0.375 11
1758110471998 0.5687500238418579 12
1758110472337 0.5687500238418579 13
1758110472676 0.5687500238418579 14
1758110473005 0.5687500238418579 15
1758110473345 0.7562500238418579 16
1758110473676 0.956250011920929 17
1758110473993 0.956250011920929 18
1758110474318 0.956250011920929 19
1758110474650 0.956250011920929 20
1758110474993 0.956250011920929 21
1758110475379 0.956250011920929 22
1758110475834 0.956250011920929 23
1758110476224 0.956250011920929 24
1758110476572 0.956250011920929 25
1758110476911 0.956250011920929 26
1758110477260 0.956250011920929 27
1758110477589 0.768750011920929 28
1758110477970 0.956250011920929 29
1758110478343 0.5687500238418579 30
1758110478745 0.7562500238418579 31
1758110479135 0.956250011920929 32
1758110479478 0.956250011920929 33
1758110479820 0.956250011920929 34
1758110480215 0.956250011920929 35
1758110480577 0.956250011920929 36
1758110480972 0.956250011920929 37
1758110481397 0.956250011920929 38
1758110481775 0.956250011920929 39
1758110482157 0.956250011920929 40
1758110482504 0.956250011920929 41
1758110482889 0.956250011920929 42
1758110483272 0.956250011920929 43
1758110483649 0.956250011920929 44
1758110483997 0.956250011920929 45
1758110484345 0.956250011920929 46
1758110484710 0.956250011920929 47
1758110485057 0.956250011920929 48
1758110485387 0.956250011920929 49
1758110485745 0.956250011920929 50
1758110486106 0.956250011920929 51
1758110486440 0.956250011920929 52
1758110486797 0.956250011920929 53
1758110487170 0.956250011920929 54
1758110487511 0.956250011920929 55
1758110487917 0.956250011920929 56
1758110488288 0.956250011920929 57
1758110488659 0.956250011920929 58
1758110489163 0.956250011920929 59
1758110489707 0.956250011920929 60
1758110490060 0.956250011920929 61
1758110490409 0.956250011920929 62
1758110490763 0.956250011920929 63
1758110491118 0.956250011920929 64
1758110491515 0.956250011920929 65
1758110491892 0.956250011920929 66
1758110492221 0.956250011920929 67
1758110492567 0.956250011920929 68
1758110492977 0.956250011920929 69
1758110493413 0.956250011920929 70
1758110493790 0.956250011920929 71
1758110494245 0.956250011920929 72
1758110494653 0.956250011920929 73
1758110495175 0.956250011920929 74
1758110495854 0.956250011920929 75
1758110496900 0.956250011920929 76
1758110497488 0.956250011920929 77
1758110497925 0.956250011920929 78
1758110498408 0.956250011920929 79
1758110498894 0.956250011920929 80
1758110499280 0.956250011920929 81
1758110499677 0.956250011920929 82
1758110500037 0.956250011920929 83
1758110500482 0.956250011920929 84
1758110500878 0.956250011920929 85
1758110501254 0.956250011920929 86
1758110501643 0.956250011920929 87
1758110502012 0.956250011920929 88
1758110502388 0.956250011920929 89
1758110502794 0.956250011920929 90
1758110503192 0.956250011920929 91
1758110503570 0.956250011920929 92
1758110504093 0.956250011920929 93
1758110504501 0.956250011920929 94
1758110504896 0.956250011920929 95
1758110505269 0.956250011920929 96
1758110505669 0.956250011920929 97
1758110506048 0.956250011920929 98
1758110506476 0.956250011920929 99
1758110506860 0.956250011920929 100
1758110507253 0.956250011920929 101
1758110507668 0.956250011920929 102
1758110508056 0.956250011920929 103
1758110508428 0.956250011920929 104
1758110508816 0.956250011920929 105
1758110509182 0.956250011920929 106
1758110509556 0.956250011920929 107
1758110509927 0.956250011920929 108
1758110510279 0.956250011920929 109
1758110510634 0.956250011920929 110
1758110511027 0.956250011920929 111
1758110511421 0.956250011920929 112
1758110511800 0.956250011920929 113
1758110512162 0.956250011920929 114
1758110512519 0.956250011920929 115
1758110512883 0.956250011920929 116
1758110513266 0.956250011920929 117
1758110513639 0.956250011920929 118
1758110514001 0.956250011920929 119
1758110514399 0.956250011920929 120
1758110514828 0.956250011920929 121
1758110515238 0.956250011920929 122
1758110515620 0.956250011920929 123
1758110516054 0.956250011920929 124
1758110516450 0.956250011920929 125
1758110516835 0.956250011920929 126
1758110517212 0.956250011920929 127
1758110517589 0.956250011920929 128
1758110517994 0.956250011920929 129
1758110518512 0.956250011920929 130
1758110518896 0.956250011920929 131
1758110519315 0.956250011920929 132
1758110519702 0.956250011920929 133
1758110520110 0.956250011920929 134
1758110520505 0.956250011920929 135
1758110520882 0.956250011920929 136
1758110521295 0.956250011920929 137
1758110521718 0.956250011920929 138
1758110522164 0.956250011920929 139
1758110522544 0.956250011920929 140
1758110522958 0.956250011920929 141
1758110523344 0.956250011920929 142
1758110523740 0.956250011920929 143
1758110524131 0.956250011920929 144
1758110524537 0.956250011920929 145
1758110524944 0.956250011920929 146
1758110525495 0.956250011920929 147
1758110525929 0.956250011920929 148
1758110526345 0.956250011920929 149
1758110467783 0.5625 0
