1758093678614 0.21250000596046448 0
1758093679011 0.6000000238418579 1
1758093679427 0.800000011920929 2
1758093679833 0.9750000238418579 3
1758093680229 0.78125 4
1758093680610 0.9750000238418579 5
1758093680986 0.9750000238418579 6
1758093681394 0.9750000238418579 7
1758093681916 0.9750000238418579 8
1758093682315 0.7749999761581421 9
1758093682770 0.40625 10
1758093683178 0.6000000238418579 11
1758093683562 0.40625 12
1758093683966 0.800000011920929 13
1758093684363 0.9750000238418579 14
1758093684743 0.9750000238418579 15
1758093685149 0.9750000238418579 16
1758093685533 0.9750000238418579 17
1758093685906 0.9750000238418579 18
1758093686278 0.9750000238418579 19
1758093686699 0.9750000238418579 20
1758093687102 0.9750000238418579 21
1758093687525 0.800000011920929 22
1758093687919 0.800000011920929 23
1758093688336 0.800000011920929 24
1758093688721 0.800000011920929 25
1758093689118 0.9750000238418579 26
1758093689511 0.9750000238418579 27
1758093689969 0.9750000238418579 28
1758093690370 0.9750000238418579 29
1758093690776 0.9750000238418579 30
1758093691201 0.9750000238418579 31
1758093691608 0.9750000238418579 32
1758093692002 0.9750000238418579 33
1758093692423 0.9750000238418579 34
1758093692895 0.9750000238418579 35
1758093693291 0.800000011920929 36
1758093693703 0.9750000238418579 37
1758093694180 0.9750000238418579 38
1758093694662 0.9750000238418579 39
1758093695179 0.9750000238418579 40
1758093695568 0.9750000238418579 41
1758093695986 0.9750000238418579 42
1758093696409 0.9750000238418579 43
1758093696811 0.9750000238418579 44
1758093697225 0.9750000238418579 45
1758093697684 0.9750000238418579 46
1758093698101 0.9750000238418579 47
1758093698530 0.9750000238418579 48
1758093698957 0.9750000238418579 49
1758093699412 0.9750000238418579 50
1758093699845 0.9750000238418579 51
1758093700265 0.9750000238418579 52
1758093700719 0.9750000238418579 53
1758093701153 0.9750000238418579 54
1758093701593 0.9750000238418579 55
1758093702017 0.9750000238418579 56
1758093702533 0.9750000238418579 57
1758093702986 0.9750000238418579 58
1758093703422 0.9750000238418579 59
1758093703877 0.9750000238418579 60
1758093704298 0.9750000238418579 61
1758093704710 0.9750000238418579 62
1758093705137 0.9750000238418579 63
1758093705541 0.9750000238418579 64
1758093705974 0.9750000238418579 65
1758093706369 0.9750000238418579 66
1758093706818 0.9750000238418579 67
1758093707284 0.9750000238418579 68
1758093707718 0.9750000238418579 69
1758093708145 0.9750000238418579 70
1758093708594 0.9750000238418579 71
1758093709009 0.9750000238418579 72
1758093709437 0.9750000238418579 73
1758093709914 0.9750000238418579 74
1758093710357 0.9750000238418579 75
1758093710793 0.9750000238418579 76
1758093711233 0.9750000238418579 77
1758093711684 0.9750000238418579 78
1758093712108 0.9750000238418579 79
1758093712536 0.9750000238418579 80
1758093712976 0.9750000238418579 81
1758093713404 0.9750000238418579 82
1758093713822 0.9750000238418579 83
1758093714279 0.9750000238418579 84
1758093714729 0.9750000238418579 85
1758093715172 0.9750000238418579 86
1758093715647 0.9750000238418579 87
1758093716096 0.9750000238418579 88
1758093716552 0.9750000238418579 89
1758093717010 0.9750000238418579 90
1758093717426 0.9750000238418579 91
1758093717905 0.9750000238418579 92
1758093718352 0.9750000238418579 93
1758093718800 0.9750000238418579 94
1758093719280 0.9750000238418579 95
1758093719772 0.9750000238418579 96
1758093720229 0.9750000238418579 97
1758093720713 0.9750000238418579 98
1758093721251 0.9750000238418579 99
1758093721695 0.9750000238418579 100
1758093722188 0.9750000238418579 101
1758093722629 0.9750000238418579 102
1758093723081 0.9750000238418579 103
1758093723524 0.9750000238418579 104
1758093723965 0.9750000238418579 105
1758093724424 0.9750000238418579 106
1758093724890 0.9750000238418579 107
1758093725311 0.9750000238418579 108
1758093725752 0.9750000238418579 109
1758093726207 0.9750000238418579 110
1758093726709 0.9750000238418579 111
1758093727145 0.9750000238418579 112
1758093727595 0.9750000238418579 113
1758093728049 0.9750000238418579 114
1758093728521 0.9750000238418579 115
1758093728987 0.9750000238418579 116
1758093729429 0.9750000238418579 117
1758093729947 0.9750000238418579 118
1758093730413 0.9750000238418579 119
1758093730902 0.9750000238418579 120
1758093731374 0.9750000238418579 121
1758093731850 0.9750000238418579 122
1758093732297 0.9750000238418579 123
1758093732800 0.9750000238418579 124
1758093733254 0.9750000238418579 125
1758093733736 0.9750000238418579 126
1758093734209 0.9750000238418579 127
1758093734676 0.9750000238418579 128
1758093735128 0.9750000238418579 129
1758093735560 0.9750000238418579 130
1758093736022 0.9750000238418579 131
1758093736469 0.9750000238418579 132
1758093736925 0.9750000238418579 133
1758093737372 0.9750000238418579 134
1758093737821 0.9750000238418579 135
1758093738292 0.9750000238418579 136
1758093738733 0.9750000238418579 137
1758093739197 0.9750000238418579 138
1758093739650 0.9750000238418579 139
1758093740095 0.9750000238418579 140
1758093740578 0.9750000238418579 141
1758093741080 0.9750000238418579 142
1758093741546 0.9750000238418579 143
1758093742039 0.9750000238418579 144
1758093742499 0.9750000238418579 145
1758093742965 0.9750000238418579 146
1758093743419 0.9750000238418579 147
1758093743904 0.9750000238418579 148
1758093744369 0.9750000238418579 149
1758093744831 0.9750000238418579 150
1758093745326 0.9750000238418579 151
1758093745809 0.9750000238418579 152
1758093746260 0.9750000238418579 153
1758093746712 0.9750000238418579 154
1758093747201 0.9750000238418579 155
1758093747672 0.9750000238418579 156
1758093748174 0.9750000238418579 157
1758093748645 0.9750000238418579 158
1758093749116 0.9750000238418579 159
1758093749578 0.9750000238418579 160
1758093750083 0.9750000238418579 161
1758093750591 0.9750000238418579 162
1758093751091 0.9750000238418579 163
1758093751557 0.9750000238418579 164
1758093752023 0.9750000238418579 165
1758093752513 0.9750000238418579 166
1758093752977 0.9750000238418579 167
1758093753487 0.9750000238418579 168
1758093754045 0.9750000238418579 169
1758093754556 0.9750000238418579 170
1758093755061 0.9750000238418579 171
1758093755599 0.9750000238418579 172
1758093756157 0.9750000238418579 173
1758093756649 0.9750000238418579 174
1758093757109 0.9750000238418579 175
1758093757590 0.9750000238418579 176
1758093758094 0.9750000238418579 177
1758093758574 0.9750000238418579 178
1758093759027 0.9750000238418579 179
1758093759502 0.9750000238418579 180
1758093759981 0.9750000238418579 181
1758093760505 0.9750000238418579 182
1758093761015 0.9750000238418579 183
1758093761504 0.9750000238418579 184
1758093762056 0.9750000238418579 185
1758093762618 0.9750000238418579 186
1758093763136 0.9750000238418579 187
1758093763606 0.9750000238418579 188
1758093764117 0.9750000238418579 189
1758093764569 0.9750000238418579 190
1758093765077 0.9750000238418579 191
1758093765526 0.9750000238418579 192
1758093766034 0.9750000238418579 193
1758093766507 0.9750000238418579 194
1758093766968 0.9750000238418579 195
1758093767451 0.9750000238418579 196
1758093767943 0.9750000238418579 197
1758093768454 0.9750000238418579 198
1758093769032 0.9750000238418579 199
1758093678614 0.21250000596046448 0
