1758093678525 66.80027770996094 0
1758093678906 66.75352478027344 1
1758093679331 66.68287658691406 2
1758093679741 66.50057220458984 3
1758093680130 66.16083526611328 4
1758093680511 65.68901062011719 5
1758093680886 65.35901641845703 6
1758093681292 65.09514617919922 7
1758093681807 64.82243347167969 8
1758093682211 64.56973266601562 9
1758093682624 64.39679718017578 10
1758093683090 64.17884826660156 11
1758093683468 63.99455642700195 12
1758093683862 63.8369255065918 13
1758093684267 63.69960021972656 14
1758093684656 63.57111740112305 15
1758093685056 63.44789123535156 16
1758093685453 63.336639404296875 17
1758093685806 63.23497772216797 18
1758093686180 63.13887405395508 19
1758093686587 63.04349136352539 20
1758093687005 62.9556770324707 21
1758093687417 62.860050201416016 22
1758093687818 62.76678466796875 23
1758093688228 62.6772346496582 24
1758093688632 62.58690643310547 25
1758093689023 62.49690628051758 26
1758093689424 62.40633010864258 27
1758093689854 62.31828689575195 28
1758093690277 62.228515625 29
1758093690682 62.139564514160156 30
1758093691091 62.051753997802734 31
1758093691517 61.965614318847656 32
1758093691898 61.876766204833984 33
1758093692307 61.79000473022461 34
1758093692783 61.70340347290039 35
1758093693186 61.61750411987305 36
1758093693610 61.5301628112793 37
1758093694061 61.444427490234375 38
1758093694564 61.35890197753906 39
1758093695074 61.2737922668457 40
1758093695468 61.18947219848633 41
1758093695895 61.10565185546875 42
1758093696305 61.021507263183594 43
1758093696707 60.937686920166016 44
1758093697112 60.85506057739258 45
1758093697569 60.772403717041016 46
1758093697992 60.690555572509766 47
1758093698423 60.608219146728516 48
1758093698852 60.5264778137207 49
1758093699295 60.44512176513672 50
1758093699744 60.364402770996094 51
1758093700154 60.28398895263672 52
1758093700624 60.20375061035156 53
1758093701043 60.12386703491211 54
1758093701493 60.04460144042969 55
1758093701913 59.96540832519531 56
1758093702408 59.887054443359375 57
1758093702878 59.8087272644043 58
1758093703313 59.7309684753418 59
1758093703762 59.65382766723633 60
1758093704201 59.57646560668945 61
1758093704605 59.49919128417969 62
1758093705032 59.42276382446289 63
1758093705451 59.346229553222656 64
1758093705872 59.27000045776367 65
1758093706278 59.19464111328125 66
1758093706705 59.1191520690918 67
1758093707158 59.044586181640625 68
1758093707603 58.97026062011719 69
1758093708048 58.8967170715332 70
1758093708496 58.82221603393555 71
1758093708899 58.7487907409668 72
1758093709334 58.67539596557617 73
1758093709793 58.60248565673828 74
1758093710263 58.52938461303711 75
1758093710690 58.45695495605469 76
1758093711139 58.38509750366211 77
1758093711568 58.31391143798828 78
1758093712006 58.24161148071289 79
1758093712432 58.17099380493164 80
1758093712869 58.10051727294922 81
1758093713312 58.02928161621094 82
1758093713703 57.959007263183594 83
1758093714179 57.88914489746094 84
1758093714602 57.81986999511719 85
1758093715074 57.750083923339844 86
1758093715536 57.68125534057617 87
1758093715966 57.61238098144531 88
1758093716431 57.54353332519531 89
1758093716909 57.47569274902344 90
1758093717328 57.40746307373047 91
1758093717781 57.33958435058594 92
1758093718245 57.27251052856445 93
1758093718682 57.205291748046875 94
1758093719127 57.13883590698242 95
1758093719611 57.07204055786133 96
1758093720121 57.00583267211914 97
1758093720594 56.93948745727539 98
1758093721155 56.87368392944336 99
1758093721570 56.808597564697266 100
1758093722085 56.74287414550781 101
1758093722517 56.67864990234375 102
1758093722982 56.61323547363281 103
1758093723420 56.549293518066406 104
1758093723859 56.484867095947266 105
1758093724297 56.420440673828125 106
1758093724775 56.35710144042969 107
1758093725206 56.294612884521484 108
1758093725641 56.23054122924805 109
1758093726094 56.16765213012695 110
1758093726605 56.105010986328125 111
1758093727037 56.04261016845703 112
1758093727486 55.980350494384766 113
1758093727952 55.9189567565918 114
1758093728387 55.856903076171875 115
1758093728865 55.79604721069336 116
1758093729323 55.73486328125 117
1758093729850 55.674034118652344 118
1758093730300 55.6128044128418 119
1758093730791 55.552982330322266 120
1758093731261 55.49291229248047 121
1758093731730 55.43270492553711 122
1758093732188 55.373409271240234 123
1758093732684 55.31450653076172 124
1758093733151 55.254920959472656 125
1758093733603 55.19590759277344 126
1758093734104 55.13754653930664 127
1758093734569 55.079193115234375 128
1758093735030 55.02067184448242 129
1758093735452 54.96268844604492 130
1758093735914 54.90523910522461 131
1758093736373 54.84744644165039 132
1758093736797 54.79081726074219 133
1758093737268 54.73359298706055 134
1758093737724 54.677486419677734 135
1758093738184 54.62031173706055 136
1758093738626 54.56399917602539 137
1758093739089 54.50868606567383 138
1758093739548 54.45248794555664 139
1758093739989 54.39710998535156 140
1758093740468 54.341552734375 141
1758093740970 54.286434173583984 142
1758093741425 54.2315559387207 143
1758093741927 54.17677307128906 144
1758093742376 54.12256622314453 145
1758093742820 54.068424224853516 146
1758093743307 54.015254974365234 147
1758093743791 53.961063385009766 148
1758093744246 53.90733337402344 149
1758093744708 53.85395431518555 150
1758093745208 53.80194854736328 151
1758093745703 53.74824523925781 152
1758093746149 53.69606399536133 153
1758093746575 53.64348602294922 154
1758093747078 53.59135055541992 155
1758093747557 53.539432525634766 156
1758093748064 53.48808288574219 157
1758093748524 53.436431884765625 158
1758093749001 53.38521194458008 159
1758093749467 53.334747314453125 160
1758093749955 53.2837028503418 161
1758093750452 53.233314514160156 162
1758093750975 53.18300247192383 163
1758093751434 53.1325798034668 164
1758093751906 53.08293914794922 165
1758093752401 53.03314971923828 166
1758093752864 52.98367691040039 167
1758093753333 52.93444061279297 168
1758093753942 52.885684967041016 169
1758093754433 52.83685302734375 170
1758093754932 52.78828430175781 171
1758093755445 52.74028396606445 172
1758093756024 52.691932678222656 173
1758093756520 52.64387893676758 174
1758093757004 52.59642028808594 175
1758093757461 52.549041748046875 176
1758093757943 52.50145721435547 177
1758093758471 52.454673767089844 178
1758093758920 52.40790557861328 179
1758093759376 52.36105728149414 180
1758093759856 52.314659118652344 181
1758093760385 52.268577575683594 182
1758093760897 52.222503662109375 183
1758093761391 52.17696762084961 184
1758093761878 52.13127136230469 185
1758093762507 52.085792541503906 186
1758093762964 52.04139709472656 187
1758093763514 51.99601745605469 188
1758093763997 51.95163345336914 189
1758093764470 51.9067268371582 190
1758093764949 51.8624153137207 191
1758093765414 51.818206787109375 192
1758093765929 51.774471282958984 193
1758093766396 51.73088455200195 194
1758093766865 51.687686920166016 195
1758093767322 51.644287109375 196
1758093767839 51.601139068603516 197
1758093768332 51.5587158203125 198
1758093768838 51.51571273803711 199
1758093678525 66.80027770996094 0
