1758093678381 4462.27734375 0
1758093678745 4456.03271484375 1
1758093679138 4446.60595703125 2
1758093679555 4422.326171875 3
1758093679953 4377.25634765625 4
1758093680350 4315.0458984375 5
1758093680723 4271.80078125 6
1758093681120 4237.3779296875 7
1758093681624 4201.94775390625 8
1758093682034 4169.25048828125 9
1758093682443 4146.94775390625 10
1758093682911 4118.9248046875 11
1758093683298 4095.30322265625 12
1758093683698 4075.153076171875 13
1758093684094 4057.63916015625 14
1758093684480 4041.287109375 15
1758093684875 4025.634765625 16
1758093685287 4011.530029296875 17
1758093685654 3998.66259765625 18
1758093686006 3986.517578125 19
1758093686405 3974.481689453125 20
1758093686820 3963.417236328125 21
1758093687220 3951.385986328125 22
1758093687644 3939.66943359375 23
1758093688025 3928.435546875 24
1758093688445 3917.12109375 25
1758093688848 3905.86328125 26
1758093689232 3894.550048828125 27
1758093689646 3883.56884765625 28
1758093690077 3872.38818359375 29
1758093690498 3861.325439453125 30
1758093690902 3850.42041015625 31
1758093691329 3839.737548828125 32
1758093691719 3828.734375 33
1758093692134 3818.004638671875 34
1758093692589 3807.31005859375 35
1758093693000 3796.716796875 36
1758093693419 3785.9609375 37
1758093693872 3775.41748046875 38
1758093694380 3764.914794921875 39
1758093694881 3754.477783203125 40
1758093695288 3744.151611328125 41
1758093695699 3733.90087890625 42
1758093696091 3723.624267578125 43
1758093696512 3713.401611328125 44
1758093696942 3703.33837890625 45
1758093697367 3693.28515625 46
1758093697816 3683.34375 47
1758093698242 3673.356201171875 48
1758093698664 3663.454345703125 49
1758093699089 3653.61279296875 50
1758093699548 3643.861328125 51
1758093699973 3634.159423828125 52
1758093700421 3624.491455078125 53
1758093700851 3614.87939453125 54
1758093701300 3605.35400390625 55
1758093701727 3595.850341796875 56
1758093702172 3586.45947265625 57
1758093702675 3577.083984375 58
1758093703101 3567.78857421875 59
1758093703579 3558.579345703125 60
1758093704002 3549.35546875 61
1758093704418 3540.15380859375 62
1758093704858 3531.06494140625 63
1758093705266 3521.97509765625 64
1758093705678 3512.932861328125 65
1758093706099 3504.00537109375 66
1758093706506 3495.07421875 67
1758093706960 3486.262939453125 68
1758093707405 3477.49169921875 69
1758093707856 3468.823486328125 70
1758093708300 3460.05322265625 71
1758093708709 3451.42041015625 72
1758093709150 3442.80224609375 73
1758093709586 3434.25146484375 74
1758093710065 3425.68896484375 75
1758093710499 3417.215576171875 76
1758093710941 3408.81982421875 77
1758093711368 3400.51220703125 78
1758093711819 3392.085205078125 79
1758093712228 3383.864501953125 80
1758093712672 3375.669921875 81
1758093713104 3367.397705078125 82
1758093713525 3359.24658203125 83
1758093713968 3351.153076171875 84
1758093714409 3343.13720703125 85
1758093714875 3335.072265625 86
1758093715312 3327.12744140625 87
1758093715770 3319.186279296875 88
1758093716233 3311.25830078125 89
1758093716674 3303.455078125 90
1758093717132 3295.61669921875 91
1758093717589 3287.828125 92
1758093718053 3280.140625 93
1758093718474 3272.4453125 94
1758093718930 3264.846435546875 95
1758093719402 3257.218017578125 96
1758093719925 3249.6650390625 97
1758093720390 3242.105224609375 98
1758093720946 3234.615966796875 99
1758093721373 3227.216552734375 100
1758093721851 3219.753662109375 101
1758093722311 3212.46923828125 102
1758093722757 3205.058349609375 103
1758093723215 3197.822509765625 104
1758093723653 3190.5400390625 105
1758093724086 3183.26611328125 106
1758093724573 3176.123046875 107
1758093725009 3169.083251953125 108
1758093725433 3161.873779296875 109
1758093725888 3154.80517578125 110
1758093726392 3147.7724609375 111
1758093726828 3140.774169921875 112
1758093727292 3133.7998046875 113
1758093727743 3126.9296875 114
1758093728187 3119.99365234375 115
1758093728650 3113.198974609375 116
1758093729113 3106.375 117
1758093729571 3099.59814453125 118
1758093730085 3092.783935546875 119
1758093730574 3086.1337890625 120
1758093731058 3079.46337890625 121
1758093731522 3072.78466796875 122
1758093731982 3066.21435546875 123
1758093732460 3059.69482421875 124
1758093732929 3053.1064453125 125
1758093733380 3046.58837890625 126
1758093733891 3040.14892578125 127
1758093734343 3033.717529296875 128
1758093734824 3027.274169921875 129
1758093735254 3020.89697265625 130
1758093735699 3014.585205078125 131
1758093736156 3008.242431640625 132
1758093736593 3002.03369140625 133
1758093737059 2995.76611328125 134
1758093737501 2989.627685546875 135
1758093737977 2983.37841796875 136
1758093738418 2977.22998046875 137
1758093738875 2971.19677734375 138
1758093739332 2965.0732421875 139
1758093739783 2959.045654296875 140
1758093740253 2953.00439453125 141
1758093740733 2947.01708984375 142
1758093741225 2941.061767578125 143
1758093741719 2935.12255859375 144
1758093742177 2929.252197265625 145
1758093742615 2923.39453125 146
1758093743101 2917.64794921875 147
1758093743554 2911.79638671875 148
1758093744047 2906.00048828125 149
1758093744508 2900.24853515625 150
1758093744987 2894.649658203125 151
1758093745478 2888.873779296875 152
1758093745939 2883.26708984375 153
1758093746376 2877.62353515625 154
1758093746856 2872.03271484375 155
1758093747346 2866.470703125 156
1758093747844 2860.97509765625 157
1758093748313 2855.452392578125 158
1758093748801 2849.98095703125 159
1758093749249 2844.59521484375 160
1758093749733 2839.153076171875 161
1758093750234 2833.78564453125 162
1758093750753 2828.431884765625 163
1758093751226 2823.071044921875 164
1758093751686 2817.79833984375 165
1758093752189 2812.51513671875 166
1758093752655 2807.27001953125 167
1758093753115 2802.05517578125 168
1758093753700 2796.895751953125 169
1758093754203 2791.733154296875 170
1758093754716 2786.602783203125 171
1758093755236 2781.53759765625 172
1758093755740 2776.43994140625 173
1758093756315 2771.3779296875 174
1758093756784 2766.383544921875 175
1758093757237 2761.401611328125 176
1758093757721 2756.40283203125 177
1758093758254 2751.49267578125 178
1758093758713 2746.588623046875 179
1758093759149 2741.68017578125 180
1758093759640 2736.82373046875 181
1758093760173 2732.00439453125 182
1758093760682 2727.18994140625 183
1758093761162 2722.43603515625 184
1758093761658 2717.66943359375 185
1758093762276 2712.929931640625 186
1758093762746 2708.30712890625 187
1758093763284 2703.5859375 188
1758093763764 2698.972412109375 189
1758093764253 2694.308349609375 190
1758093764704 2689.710205078125 191
1758093765202 2685.126708984375 192
1758093765701 2680.595703125 193
1758093766180 2676.08447265625 194
1758093766652 2671.616943359375 195
1758093767108 2667.13232421875 196
1758093767596 2662.677490234375 197
1758093768108 2658.301025390625 198
1758093768595 2653.86865234375 199
1758093678381 4462.27734375 0
