1758093678449 22.197654724121094 0
1758093678819 22.167701721191406 1
1758093679240 22.12415885925293 2
1758093679643 22.000564575195312 3
1758093680041 21.798826217651367 4
1758093680433 21.544994354248047 5
1758093680807 21.377117156982422 6
1758093681207 21.186676025390625 7
1758093681712 20.955217361450195 8
1758093682129 20.803936004638672 9
1758093682532 20.780811309814453 10
1758093683005 20.612821578979492 11
1758093683384 20.495067596435547 12
1758093683778 20.34929084777832 13
1758093684188 20.25876808166504 14
1758093684568 20.19586944580078 15
1758093684969 20.126537322998047 16
1758093685377 20.051565170288086 17
1758093685738 19.973529815673828 18
1758093686097 19.909107208251953 19
1758093686508 19.841869354248047 20
1758093686910 19.78958511352539 21
1758093687310 19.732463836669922 22
1758093687736 19.671123504638672 23
1758093688128 19.619098663330078 24
1758093688538 19.555984497070312 25
1758093688937 19.488924026489258 26
1758093689317 19.426136016845703 27
1758093689742 19.36885643005371 28
1758093690178 19.317668914794922 29
1758093690593 19.269067764282227 30
1758093690992 19.210865020751953 31
1758093691422 19.140840530395508 32
1758093691814 19.07428741455078 33
1758093692219 19.023494720458984 34
1758093692687 18.975309371948242 35
1758093693089 18.921396255493164 36
1758093693517 18.857481002807617 37
1758093693973 18.793903350830078 38
1758093694475 18.736492156982422 39
1758093694978 18.684017181396484 40
1758093695382 18.630876541137695 41
1758093695795 18.574758529663086 42
1758093696180 18.517772674560547 43
1758093696612 18.461185455322266 44
1758093697027 18.40576934814453 45
1758093697476 18.351119995117188 46
1758093697905 18.29704475402832 47
1758093698331 18.242467880249023 48
1758093698753 18.187641143798828 49
1758093699180 18.13128089904785 50
1758093699642 18.075593948364258 51
1758093700065 18.022525787353516 52
1758093700519 17.970767974853516 53
1758093700937 17.918004989624023 54
1758093701390 17.86392593383789 55
1758093701830 17.811731338500977 56
1758093702282 17.761381149291992 57
1758093702780 17.71446418762207 58
1758093703199 17.66900634765625 59
1758093703664 17.622568130493164 60
1758093704098 17.575801849365234 61
1758093704507 17.52968406677246 62
1758093704944 17.484682083129883 63
1758093705358 17.439266204833984 64
1758093705767 17.39317512512207 65
1758093706188 17.347246170043945 66
1758093706607 17.301485061645508 67
1758093707061 17.256576538085938 68
1758093707507 17.212024688720703 69
1758093707945 17.170940399169922 70
1758093708397 17.12913703918457 71
1758093708806 17.08757781982422 72
1758093709239 17.045894622802734 73
1758093709693 17.004545211791992 74
1758093710155 16.96320152282715 75
1758093710603 16.922061920166016 76
1758093711038 16.881084442138672 77
1758093711471 16.840572357177734 78
1758093711909 16.79962730407715 79
1758093712317 16.75948143005371 80
1758093712771 16.719058990478516 81
1758093713214 16.677928924560547 82
1758093713621 16.637418746948242 83
1758093714072 16.599266052246094 84
1758093714509 16.562450408935547 85
1758093714976 16.52528953552246 86
1758093715420 16.48862075805664 87
1758093715860 16.451818466186523 88
1758093716343 16.414918899536133 89
1758093716795 16.37838363647461 90
1758093717232 16.341569900512695 91
1758093717680 16.305604934692383 92
1758093718150 16.272384643554688 93
1758093718583 16.239116668701172 94
1758093719027 16.206193923950195 95
1758093719508 16.172985076904297 96
1758093720019 16.139915466308594 97
1758093720491 16.106658935546875 98
1758093721043 16.073665618896484 99
1758093721475 16.041013717651367 100
1758093721952 16.007984161376953 101
1758093722403 15.975690841674805 102
1758093722851 15.942724227905273 103
1758093723309 15.910425186157227 104
1758093723757 15.877771377563477 105
1758093724195 15.845014572143555 106
1758093724671 15.81275749206543 107
1758093725110 15.780912399291992 108
1758093725550 15.748239517211914 109
1758093725993 15.716113090515137 110
1758093726500 15.684038162231445 111
1758093726928 15.651975631713867 112
1758093727385 15.619906425476074 113
1758093727847 15.588226318359375 114
1758093728278 15.55615234375 115
1758093728754 15.52464771270752 116
1758093729211 15.492937088012695 117
1758093729712 15.461339950561523 118
1758093730191 15.429458618164062 119
1758093730677 15.398221969604492 120
1758093731159 15.366783142089844 121
1758093731625 15.335214614868164 122
1758093732083 15.3040771484375 123
1758093732565 15.273098945617676 124
1758093733047 15.241694450378418 125
1758093733481 15.210515975952148 126
1758093734003 15.17961311340332 127
1758093734464 15.14863395690918 128
1758093734923 15.117497444152832 129
1758093735352 15.088238716125488 130
1758093735808 15.060361862182617 131
1758093736274 15.032261848449707 132
1758093736698 15.004667282104492 133
1758093737163 14.978947639465332 134
1758093737609 14.954211235046387 135
1758093738075 14.928955078125 136
1758093738521 14.904031753540039 137
1758093738982 14.879507064819336 138
1758093739444 14.854525566101074 139
1758093739880 14.829874992370605 140
1758093740367 14.805071830749512 141
1758093740834 14.780407905578613 142
1758093741321 14.75579833984375 143
1758093741822 14.731180191040039 144
1758093742280 14.706769943237305 145
1758093742707 14.682336807250977 146
1758093743208 14.658288955688477 147
1758093743678 14.633718490600586 148
1758093744139 14.60930061340332 149
1758093744604 14.584988594055176 150
1758093745113 14.561259269714355 151
1758093745581 14.536691665649414 152
1758093746046 14.512768745422363 153
1758093746471 14.488604545593262 154
1758093746968 14.46458911895752 155
1758093747459 14.44062328338623 156
1758093747956 14.416864395141602 157
1758093748412 14.392906188964844 158
1758093748896 14.369099617004395 159
1758093749361 14.345586776733398 160
1758093749851 14.321751594543457 161
1758093750344 14.2981595993042 162
1758093750868 14.274554252624512 163
1758093751324 14.250837326049805 164
1758093751790 14.228525161743164 165
1758093752301 14.207615852355957 166
1758093752753 14.186784744262695 167
1758093753224 14.166006088256836 168
1758093753807 14.145380973815918 169
1758093754302 14.124676704406738 170
1758093754830 14.104028701782227 171
1758093755342 14.083574295043945 172
1758093755846 14.06292724609375 173
1758093756418 14.0423583984375 174
1758093756908 14.021985054016113 175
1758093757349 14.00159740447998 176
1758093757826 13.981069564819336 177
1758093758368 13.960847854614258 178
1758093758810 13.942832946777344 179
1758093759258 13.925028800964355 180
1758093759753 13.9073486328125 181
1758093760278 13.889739990234375 182
1758093760791 13.872090339660645 183
1758093761273 13.854601860046387 184
1758093761766 13.837011337280273 185
1758093762400 13.819465637207031 186
1758093762857 13.80229377746582 187
1758093763409 13.784693717956543 188
1758093763881 13.767437934875488 189
1758093764370 13.74992561340332 190
1758093764829 13.73260498046875 191
1758093765316 13.715283393859863 192
1758093765818 13.698107719421387 193
1758093766292 13.680944442749023 194
1758093766754 13.66388988494873 195
1758093767213 13.646705627441406 196
1758093767711 13.629575729370117 197
1758093768214 13.612690925598145 198
1758093768697 13.597894668579102 199
1758093678449 22.197654724121094 0
