1758093250240 4233.3369140625 0
1758093250660 4227.8916015625 1
1758093251087 4220.50732421875 2
1758093251510 4203.04052734375 3
1758093251975 4166.9951171875 4
1758093252411 4109.7001953125 5
1758093252808 4062.98388671875 6
1758093253224 4021.21533203125 7
1758093253663 3990.05712890625 8
1758093254086 3960.49267578125 9
1758093254479 3929.192626953125 10
1758093254902 3908.617919921875 11
1758093255333 3884.645751953125 12
1758093255735 3863.78271484375 13
1758093256138 3846.478515625 14
1758093256552 3829.868408203125 15
1758093256983 3815.783935546875 16
1758093257408 3802.696533203125 17
1758093257816 3790.47265625 18
1758093258292 3779.1953125 19
1758093258735 3767.571533203125 20
1758093259153 3755.790283203125 21
1758093259578 3745.375732421875 22
1758093260041 3734.75830078125 23
1758093260593 3723.76806640625 24
1758093261041 3713.80224609375 25
1758093261476 3702.8671875 26
1758093261929 3692.848388671875 27
1758093262381 3682.49072265625 28
1758093262793 3672.19775390625 29
1758093263215 3662.31201171875 30
1758093263860 3652.0546875 31
1758093264691 3641.946044921875 32
1758093265642 3632.307373046875 33
1758093266582 3622.280517578125 34
1758093267486 3612.442138671875 35
1758093268303 3602.75537109375 36
1758093269040 3592.66650390625 37
1758093269920 3583.145751953125 38
1758093270881 3573.365234375 39
1758093271898 3563.617919921875 40
1758093272817 3554.241455078125 41
1758093273715 3544.602783203125 42
1758093274608 3535.202392578125 43
1758093275558 3525.770751953125 44
1758093276507 3516.218017578125 45
1758093277460 3506.9453125 46
1758093278427 3497.676513671875 47
1758093279420 3488.32861328125 48
1758093280400 3479.048095703125 49
1758093281289 3469.936767578125 50
1758093282168 3460.729736328125 51
1758093283098 3451.71435546875 52
1758093284012 3442.8203125 53
1758093284875 3433.926513671875 54
1758093285683 3425.11962890625 55
1758093286501 3416.262451171875 56
1758093287370 3407.659423828125 57
1758093288165 3398.897216796875 58
1758093289072 3390.28466796875 59
1758093290057 3381.75 60
1758093291026 3373.17822265625 61
1758093291880 3364.76318359375 62
1758093292868 3356.39306640625 63
1758093293780 3348.00830078125 64
1758093294728 3339.69482421875 65
1758093295631 3331.41796875 66
1758093296631 3323.25537109375 67
1758093297569 3315.125 68
1758093298508 3306.997314453125 69
1758093299329 3298.93798828125 70
1758093300201 3290.958251953125 71
1758093301084 3282.922607421875 72
1758093302051 3275.0283203125 73
1758093303057 3267.248046875 74
1758093303998 3259.48486328125 75
1758093304859 3251.548828125 76
1758093305745 3243.845947265625 77
1758093306767 3236.138916015625 78
1758093307718 3228.572998046875 79
1758093308672 3220.939208984375 80
1758093309681 3213.41845703125 81
1758093310480 3205.932861328125 82
1758093310949 3198.425048828125 83
1758093311388 3191.012451171875 84
1758093311859 3183.65576171875 85
1758093312315 3176.308349609375 86
1758093312774 3169.083251953125 87
1758093313242 3161.802734375 88
1758093313729 3154.639892578125 89
1758093314186 3147.4453125 90
1758093314629 3140.3330078125 91
1758093315185 3133.325439453125 92
1758093315670 3126.26904296875 93
1758093316163 3119.21923828125 94
1758093316614 3112.21337890625 95
1758093317150 3105.46533203125 96
1758093317606 3098.4541015625 97
1758093318043 3091.63037109375 98
1758093318477 3084.781982421875 99
1758093250240 4233.3369140625 0
