1758093250422 65.06410217285156 0
1758093250853 65.0222396850586 1
1758093251260 64.9654312133789 2
1758093251710 64.83086395263672 3
1758093252167 64.5522689819336 4
1758093252591 64.10694122314453 5
1758093252991 63.741539001464844 6
1758093253420 63.41305160522461 7
1758093253856 63.166900634765625 8
1758093254258 62.93244552612305 9
1758093254680 62.68327331542969 10
1758093255095 62.51893997192383 11
1758093255520 62.326927185058594 12
1758093255910 62.159332275390625 13
1758093256320 62.01998519897461 14
1758093256731 61.885929107666016 15
1758093257157 61.77203369140625 16
1758093257585 61.66600799560547 17
1758093258010 61.56681442260742 18
1758093258487 61.47515869140625 19
1758093258930 61.38054656982422 20
1758093259348 61.28450393676758 21
1758093259770 61.1994743347168 22
1758093260247 61.112667083740234 23
1758093260793 61.02268600463867 24
1758093261235 60.940975189208984 25
1758093261677 60.85118865966797 26
1758093262123 60.7688102722168 27
1758093262566 60.683528900146484 28
1758093262979 60.59865951538086 29
1758093263415 60.51704025268555 30
1758093264250 60.43223190307617 31
1758093265101 60.34853744506836 32
1758093266097 60.26862716674805 33
1758093266986 60.18538284301758 34
1758093267841 60.10359573364258 35
1758093268647 60.02295684814453 36
1758093269398 59.93885803222656 37
1758093270384 59.85938262939453 38
1758093271347 59.77762985229492 39
1758093272371 59.696044921875 40
1758093273266 59.61745834350586 41
1758093274150 59.53656768798828 42
1758093275025 59.45756912231445 43
1758093276003 59.37820053100586 44
1758093276998 59.297706604003906 45
1758093277908 59.21946716308594 46
1758093278880 59.14115905761719 47
1758093279949 59.06207275390625 48
1758093280791 58.983455657958984 49
1758093281720 58.90616989135742 50
1758093282570 58.82796859741211 51
1758093283527 58.75129318237305 52
1758093284439 58.67555236816406 53
1758093285267 58.59971237182617 54
1758093286049 58.52452087402344 55
1758093286898 58.44880294799805 56
1758093287726 58.375160217285156 57
1758093288541 58.3000602722168 58
1758093289522 58.22615051269531 59
1758093290505 58.15281677246094 60
1758093291457 58.07906723022461 61
1758093292296 58.0065803527832 62
1758093293295 57.93438720703125 63
1758093294207 57.861976623535156 64
1758093295170 57.79009246826172 65
1758093296107 57.71843719482422 66
1758093297054 57.647682189941406 67
1758093298002 57.57712173461914 68
1758093298895 57.50649642944336 69
1758093299745 57.43638229370117 70
1758093300607 57.36687469482422 71
1758093301532 57.29679489135742 72
1758093302466 57.22786331176758 73
1758093303460 57.159847259521484 74
1758093304380 57.09189987182617 75
1758093305295 57.02235412597656 76
1758093306260 56.954769134521484 77
1758093307217 56.88706970214844 78
1758093308176 56.820533752441406 79
1758093309115 56.753318786621094 80
1758093310111 56.6870231628418 81
1758093310686 56.62095642089844 82
1758093311153 56.55461883544922 83
1758093311582 56.48904800415039 84
1758093312082 56.423892974853516 85
1758093312528 56.35874557495117 86
1758093312988 56.294612884521484 87
1758093313458 56.22990798950195 88
1758093313926 56.16617965698242 89
1758093314393 56.10209655761719 90
1758093314836 56.038673400878906 91
1758093315382 55.97611618041992 92
1758093315889 55.913047790527344 93
1758093316375 55.849971771240234 94
1758093316820 55.78721618652344 95
1758093317361 55.72670364379883 96
1758093317806 55.663761138916016 97
1758093318249 55.60243225097656 98
1758093318690 55.54081344604492 99
1758093250422 65.06410217285156 0
