1758093250528 0.7562500238418579 0
1758093250955 0.956250011920929 1
1758093251369 0.956250011920929 2
1758093251838 0.78125 3
1758093252285 0.78125 4
1758093252683 0.956250011920929 5
1758093253111 0.956250011920929 6
1758093253500 0.793749988079071 7
1758093253965 0.768750011920929 8
1758093254357 0.956250011920929 9
1758093254790 0.768750011920929 10
1758093255203 0.956250011920929 11
1758093255614 0.956250011920929 12
1758093256005 0.78125 13
1758093256428 0.78125 14
1758093256865 0.956250011920929 15
1758093257262 0.768750011920929 16
1758093257686 0.768750011920929 17
1758093258120 0.956250011920929 18
1758093258597 0.956250011920929 19
1758093259030 0.956250011920929 20
1758093259443 0.956250011920929 21
1758093259881 0.78125 22
1758093260354 0.78125 23
1758093260910 0.956250011920929 24
1758093261353 0.956250011920929 25
1758093261788 0.956250011920929 26
1758093262225 0.956250011920929 27
1758093262660 0.956250011920929 28
1758093263083 0.956250011920929 29
1758093263613 0.956250011920929 30
1758093264441 0.956250011920929 31
1758093265351 0.956250011920929 32
1758093266303 0.956250011920929 33
1758093267193 0.956250011920929 34
1758093268021 0.956250011920929 35
1758093268826 0.956250011920929 36
1758093269616 0.956250011920929 37
1758093270605 0.956250011920929 38
1758093271542 0.956250011920929 39
1758093272574 0.956250011920929 40
1758093273470 0.956250011920929 41
1758093274340 0.956250011920929 42
1758093275274 0.956250011920929 43
1758093276210 0.956250011920929 44
1758093277195 0.956250011920929 45
1758093278165 0.956250011920929 46
1758093279115 0.956250011920929 47
1758093280149 0.956250011920929 48
1758093281023 0.956250011920929 49
1758093281928 0.956250011920929 50
1758093282802 0.956250011920929 51
1758093283746 0.956250011920929 52
1758093284645 0.956250011920929 53
1758093285458 0.956250011920929 54
1758093286243 0.956250011920929 55
1758093287112 0.956250011920929 56
1758093287890 0.956250011920929 57
1758093288762 0.956250011920929 58
1758093289761 0.956250011920929 59
1758093290726 0.956250011920929 60
1758093291627 0.956250011920929 61
1758093292557 0.956250011920929 62
1758093293503 0.956250011920929 63
1758093294461 0.956250011920929 64
1758093295360 0.956250011920929 65
1758093296321 0.956250011920929 66
1758093297272 0.956250011920929 67
1758093298243 0.956250011920929 68
1758093299084 0.956250011920929 69
1758093299943 0.956250011920929 70
1758093300817 0.956250011920929 71
1758093301762 0.956250011920929 72
1758093302754 0.956250011920929 73
1758093303706 0.956250011920929 74
1758093304555 0.956250011920929 75
1758093305485 0.956250011920929 76
1758093306493 0.956250011920929 77
1758093307437 0.956250011920929 78
1758093308412 0.956250011920929 79
1758093309365 0.956250011920929 80
1758093310269 0.956250011920929 81
1758093310803 0.956250011920929 82
1758093311261 0.956250011920929 83
1758093311710 0.956250011920929 84
1758093312179 0.956250011920929 85
1758093312645 0.956250011920929 86
1758093313099 0.956250011920929 87
1758093313554 0.956250011920929 88
1758093314033 0.956250011920929 89
1758093314494 0.956250011920929 90
1758093314994 0.956250011920929 91
1758093315495 0.956250011920929 92
1758093316022 0.956250011920929 93
1758093316478 0.956250011920929 94
1758093316931 0.956250011920929 95
1758093317460 0.956250011920929 96
1758093317918 0.956250011920929 97
1758093318349 0.956250011920929 98
1758093318792 0.956250011920929 99
1758093250528 0.7562500238418579 0
