1758093250331 20.879724502563477 0
1758093250760 20.855573654174805 1
1758093251167 20.823898315429688 2
1758093251607 20.749881744384766 3
1758093252077 20.604042053222656 4
1758093252499 20.325786590576172 5
1758093252895 20.107709884643555 6
1758093253324 19.92367935180664 7
1758093253770 19.800132751464844 8
1758093254174 19.639070510864258 9
1758093254587 19.50357437133789 10
1758093254994 19.404359817504883 11
1758093255429 19.31187629699707 12
1758093255823 19.21523666381836 13
1758093256231 19.125591278076172 14
1758093256652 19.03310203552246 15
1758093257070 18.987060546875 16
1758093257502 18.926944732666016 17
1758093257916 18.859477996826172 18
1758093258384 18.78921127319336 19
1758093258835 18.74068260192871 20
1758093259246 18.694509506225586 21
1758093259679 18.650053024291992 22
1758093260144 18.591896057128906 23
1758093260695 18.525066375732422 24
1758093261134 18.48189353942871 25
1758093261578 18.433868408203125 26
1758093262026 18.388622283935547 27
1758093262474 18.33188247680664 28
1758093262884 18.27288818359375 29
1758093263324 18.227893829345703 30
1758093264050 18.184490203857422 31
1758093264911 18.135953903198242 32
1758093265876 18.08346939086914 33
1758093266797 18.027578353881836 34
1758093267646 17.979450225830078 35
1758093268491 17.93617057800293 36
1758093269211 17.88433837890625 37
1758093270155 17.83551597595215 38
1758093271135 17.78293228149414 39
1758093272111 17.736278533935547 40
1758093273053 17.689979553222656 41
1758093273940 17.64052963256836 42
1758093274812 17.590330123901367 43
1758093275803 17.540868759155273 44
1758093276732 17.494060516357422 45
1758093277697 17.44695472717285 46
1758093278660 17.397924423217773 47
1758093279671 17.348892211914062 48
1758093280589 17.300655364990234 49
1758093281501 17.254844665527344 50
1758093282378 17.205997467041016 51
1758093283304 17.158222198486328 52
1758093284225 17.11150360107422 53
1758093285072 17.06402015686035 54
1758093285880 17.01971435546875 55
1758093286695 16.97601890563965 56
1758093287558 16.93351173400879 57
1758093288370 16.890377044677734 58
1758093289290 16.847536087036133 59
1758093290301 16.804790496826172 60
1758093291251 16.76179313659668 61
1758093292097 16.71940040588379 62
1758093293083 16.677095413208008 63
1758093293984 16.63437843322754 64
1758093294954 16.592060089111328 65
1758093295833 16.55006980895996 66
1758093296847 16.508556365966797 67
1758093297793 16.467037200927734 68
1758093298712 16.427175521850586 69
1758093299550 16.388593673706055 70
1758093300412 16.350366592407227 71
1758093301323 16.311847686767578 72
1758093302257 16.273914337158203 73
1758093303265 16.236291885375977 74
1758093304221 16.198734283447266 75
1758093305081 16.160404205322266 76
1758093306024 16.12294578552246 77
1758093306995 16.085163116455078 78
1758093307962 16.04789924621582 79
1758093308911 16.01031494140625 80
1758093309928 15.973257064819336 81
1758093310586 15.936184883117676 82
1758093311047 15.899874687194824 83
1758093311484 15.868017196655273 84
1758093311969 15.837438583374023 85
1758093312428 15.806689262390137 86
1758093312881 15.776272773742676 87
1758093313355 15.745572090148926 88
1758093313828 15.715370178222656 89
1758093314286 15.684915542602539 90
1758093314732 15.654693603515625 91
1758093315276 15.624847412109375 92
1758093315790 15.594700813293457 93
1758093316264 15.564412117004395 94
1758093316716 15.534173965454102 95
1758093317256 15.50499439239502 96
1758093317703 15.474647521972656 97
1758093318147 15.444976806640625 98
1758093318584 15.415075302124023 99
1758093250331 20.879724502563477 0
