1758093069660 20.824893951416016 0
1758093070040 20.79210090637207 1
1758093070453 20.758769989013672 2
1758093070859 20.6758975982666 3
1758093071270 20.55359649658203 4
1758093071675 20.369525909423828 5
1758093072095 20.194551467895508 6
1758093072566 20.008342742919922 7
1758093073035 19.79345703125 8
1758093073446 19.61951446533203 9
1758093073860 19.41474151611328 10
1758093074263 19.295637130737305 11
1758093074658 19.21238136291504 12
1758093075041 19.14069175720215 13
1758093075448 19.08991241455078 14
1758093075859 18.986276626586914 15
1758093076250 18.88888168334961 16
1758093076672 18.780960083007812 17
1758093077110 18.695409774780273 18
1758093077548 18.649593353271484 19
1758093077976 18.612152099609375 20
1758093078405 18.568912506103516 21
1758093078861 18.517597198486328 22
1758093079345 18.449478149414062 23
1758093079774 18.39059829711914 24
1758093080198 18.326379776000977 25
1758093080790 18.26938247680664 26
1758093081217 18.203847885131836 27
1758093081646 18.141735076904297 28
1758093082091 18.088869094848633 29
1758093082597 18.043045043945312 30
1758093083057 17.993545532226562 31
1758093083532 17.93643569946289 32
1758093083985 17.882143020629883 33
1758093084528 17.830549240112305 34
1758093084953 17.773189544677734 35
1758093085428 17.716049194335938 36
1758093085819 17.656888961791992 37
1758093086270 17.601776123046875 38
1758093086756 17.550182342529297 39
1758093087192 17.502452850341797 40
1758093087641 17.456348419189453 41
1758093088071 17.405216217041016 42
1758093088516 17.349430084228516 43
1758093088933 17.294118881225586 44
1758093089377 17.238380432128906 45
1758093089801 17.185590744018555 46
1758093090228 17.13677215576172 47
1758093090658 17.088741302490234 48
1758093091063 17.039813995361328 49
1758093069660 20.824893951416016 0
