1758093069837 0.4000000059604645 0
1758093070248 0.4000000059604645 1
1758093070648 0.6000000238418579 2
1758093071047 0.7875000238418579 3
1758093071461 0.7875000238418579 4
1758093071873 0.987500011920929 5
1758093072337 0.987500011920929 6
1758093072754 0.987500011920929 7
1758093073233 0.987500011920929 8
1758093073636 0.800000011920929 9
1758093074055 0.800000011920929 10
1758093074436 0.6000000238418579 11
1758093074851 0.59375 12
1758093075228 0.59375 13
1758093075623 0.59375 14
1758093076042 0.59375 15
1758093076440 0.59375 16
1758093076870 0.793749988079071 17
1758093077319 0.793749988079071 18
1758093077767 0.800000011920929 19
1758093078167 0.800000011920929 20
1758093078621 0.800000011920929 21
1758093079064 0.987500011920929 22
1758093079567 0.987500011920929 23
1758093079984 0.987500011920929 24
1758093080473 0.987500011920929 25
1758093080970 0.987500011920929 26
1758093081425 0.7875000238418579 27
1758093081840 0.7875000238418579 28
1758093082312 0.7875000238418579 29
1758093082824 0.793749988079071 30
1758093083270 0.793749988079071 31
1758093083762 0.793749988079071 32
1758093084208 0.793749988079071 33
1758093084729 0.793749988079071 34
1758093085182 0.793749988079071 35
1758093085615 0.987500011920929 36
1758093086038 0.987500011920929 37
1758093086520 0.987500011920929 38
1758093086978 0.987500011920929 39
1758093087402 0.987500011920929 40
1758093087852 0.987500011920929 41
1758093088281 0.987500011920929 42
1758093088727 0.987500011920929 43
1758093089123 0.987500011920929 44
1758093089584 0.987500011920929 45
1758093090024 0.987500011920929 46
1758093090433 0.987500011920929 47
1758093090847 0.987500011920929 48
1758093091265 0.987500011920929 49
1758093069837 0.4000000059604645 0
