1758093069567 4203.1220703125 0
1758093069952 4197.1513671875 1
1758093070366 4190.705078125 2
1758093070772 4173.77880859375 3
1758093071177 4143.02490234375 4
1758093071579 4087.60986328125 5
1758093072002 4031.135986328125 6
1758093072482 3994.65869140625 7
1758093072934 3959.031982421875 8
1758093073354 3931.78076171875 9
1758093073768 3904.19873046875 10
1758093074174 3878.669921875 11
1758093074565 3852.716796875 12
1758093074958 3833.666748046875 13
1758093075355 3818.3828125 14
1758093075758 3802.12353515625 15
1758093076156 3787.790283203125 16
1758093076564 3776.201904296875 17
1758093077004 3763.00732421875 18
1758093077432 3752.828857421875 19
1758093077883 3741.38818359375 20
1758093078297 3730.005126953125 21
1758093078765 3719.6484375 22
1758093079245 3709.009765625 23
1758093079684 3698.74658203125 24
1758093080102 3688.28125 25
1758093080686 3677.968017578125 26
1758093081129 3667.300048828125 27
1758093081552 3657.29833984375 28
1758093081979 3647.098876953125 29
1758093082500 3636.9609375 30
1758093082960 3626.92138671875 31
1758093083441 3616.973388671875 32
1758093083891 3606.999267578125 33
1758093084433 3597.27978515625 34
1758093084850 3587.26123046875 35
1758093085328 3577.63623046875 36
1758093085730 3567.83056640625 37
1758093086170 3558.208251953125 38
1758093086650 3548.67626953125 39
1758093087095 3539.045654296875 40
1758093087533 3529.602783203125 41
1758093087971 3520.266845703125 42
1758093088412 3510.89404296875 43
1758093088841 3501.70068359375 44
1758093089270 3492.34765625 45
1758093089698 3483.119873046875 46
1758093090138 3474.04736328125 47
1758093090563 3464.95556640625 48
1758093090962 3455.8984375 49
1758093069567 4203.1220703125 0
