1758093069739 64.83148956298828 0
1758093070159 64.7854232788086 1
1758093070546 64.73565673828125 2
1758093070954 64.60478973388672 3
1758093071357 64.3663330078125 4
1758093071769 63.934417724609375 5
1758093072193 63.49122619628906 6
1758093072663 63.203311920166016 7
1758093073128 62.92083740234375 8
1758093073543 62.703914642333984 9
1758093073950 62.48358917236328 10
1758093074346 62.278968811035156 11
1758093074754 62.070255279541016 12
1758093075138 61.91661071777344 13
1758093075531 61.79306411743164 14
1758093075950 61.66136169433594 15
1758093076343 61.54502487182617 16
1758093076767 61.450809478759766 17
1758093077207 61.34335708618164 18
1758093077659 61.260337829589844 19
1758093078064 61.16688919067383 20
1758093078517 61.073768615722656 21
1758093078965 60.988922119140625 22
1758093079448 60.901641845703125 23
1758093079870 60.81732177734375 24
1758093080299 60.73122024536133 25
1758093080881 60.6462516784668 26
1758093081318 60.55823516845703 27
1758093081741 60.47560119628906 28
1758093082191 60.39121627807617 29
1758093082707 60.307220458984375 30
1758093083160 60.22392654418945 31
1758093083628 60.14127731323242 32
1758093084083 60.05830001831055 33
1758093084623 59.977325439453125 34
1758093085058 59.89374923706055 35
1758093085522 59.8133430480957 36
1758093085942 59.731319427490234 37
1758093086383 59.650718688964844 38
1758093086849 59.57076644897461 39
1758093087284 59.4898796081543 40
1758093087742 59.41046142578125 41
1758093088170 59.33183670043945 42
1758093088619 59.2527961730957 43
1758093089024 59.1751708984375 44
1758093089479 59.09608840942383 45
1758093089900 59.01796340942383 46
1758093090319 58.9410514831543 47
1758093090750 58.86387252807617 48
1758093091163 58.786888122558594 49
1758093069739 64.83148956298828 0
