1758115611547 24.20140266418457 0
1758115611911 8.239761352539062 1
1758115612304 4.837635517120361 2
1758115612813 3.928567409515381 3
1758115613249 3.5920560359954834 4
1758115613631 3.4658150672912598 5
1758115614001 3.405620813369751 6
1758115614434 3.312041997909546 7
1758115614809 3.3100733757019043 8
1758115615211 3.2982161045074463 9
1758115615619 3.2780065536499023 10
1758115616043 3.288818120956421 11
1758115616411 3.2652995586395264 12
1758115616796 3.2413711547851562 13
1758115617187 3.3010406494140625 14
1758115617567 3.2854294776916504 15
1758115617949 3.200863838195801 16
1758115618327 3.2274699211120605 17
1758115618698 3.294543504714966 18
1758115619141 3.2379472255706787 19
1758115619570 3.196579694747925 20
1758115619950 3.240601062774658 21
1758115620336 3.156214475631714 22
1758115620704 3.243748426437378 23
1758115621098 3.261707305908203 24
1758115621469 3.276515007019043 25
1758115621857 3.249964952468872 26
1758115622242 3.234431743621826 27
1758115622668 3.1900765895843506 28
1758115623087 3.232701063156128 29
1758115623460 3.219958543777466 30
1758115623837 3.2946865558624268 31
1758115624247 3.220733880996704 32
1758115624639 3.2332592010498047 33
1758115625016 3.253371238708496 34
1758115625392 3.2454473972320557 35
1758115625800 3.2051212787628174 36
1758115626245 3.223034620285034 37
1758115626648 3.198234796524048 38
1758115627046 3.272987127304077 39
1758115627437 3.2124693393707275 40
1758115627855 3.260929584503174 41
1758115628268 3.2890994548797607 42
1758115628666 3.2868950366973877 43
1758115629096 3.262845516204834 44
1758115629491 3.2751305103302 45
1758115629907 3.2347893714904785 46
1758115630334 3.1999523639678955 47
1758115630746 3.1791088581085205 48
1758115631142 3.207418918609619 49
1758115611547 24.20140266418457 0
