1758115611757 0.37142857909202576 0
1758115612137 0.5428571701049805 1
1758115612600 0.6571428775787354 2
1758115613082 0.8857142925262451 3
1758115613481 0.6000000238418579 4
1758115613850 0.6285714507102966 5
1758115614230 0.8285714387893677 6
1758115614663 0.9142857193946838 7
1758115615041 0.800000011920929 8
1758115615441 0.7714285850524902 9
1758115615876 0.8571428656578064 10
1758115616265 0.800000011920929 11
1758115616637 0.7142857313156128 12
1758115617027 0.6857143044471741 13
1758115617407 0.6857143044471741 14
1758115617789 0.8285714387893677 15
1758115618176 0.9714285731315613 16
1758115618545 0.8285714387893677 17
1758115618926 0.8571428656578064 18
1758115619408 0.7714285850524902 19
1758115619797 0.8285714387893677 20
1758115620185 0.7428571581840515 21
1758115620556 0.6857143044471741 22
1758115620939 0.8857142925262451 23
1758115621320 0.6857143044471741 24
1758115621703 0.8571428656578064 25
1758115622083 0.8571428656578064 26
1758115622483 0.8571428656578064 27
1758115622921 0.8571428656578064 28
1758115623313 0.8857142925262451 29
1758115623685 0.9142857193946838 30
1758115624089 0.7714285850524902 31
1758115624477 0.7142857313156128 32
1758115624862 0.7428571581840515 33
1758115625246 0.800000011920929 34
1758115625648 0.7714285850524902 35
1758115626035 0.8571428656578064 36
1758115626488 0.7714285850524902 37
1758115626875 0.8571428656578064 38
1758115627276 0.8857142925262451 39
1758115627685 0.9142857193946838 40
1758115628112 0.9428571462631226 41
1758115628515 0.6571428775787354 42
1758115628925 0.5714285969734192 43
1758115629337 0.7142857313156128 44
1758115629754 0.8285714387893677 45
1758115630184 0.7714285850524902 46
1758115630577 0.800000011920929 47
1758115630978 0.8571428656578064 48
1758115631373 0.9142857193946838 49
1758115611757 0.37142857909202576 0
