1758115611621 2.370891809463501 0
1758115611988 1.5601177215576172 1
1758115612397 1.1320871114730835 2
1758115612900 0.9190079569816589 3
1758115613333 0.8682103753089905 4
1758115613707 0.8202201724052429 5
1758115614077 0.7487351298332214 6
1758115614511 0.7462472915649414 7
1758115614883 0.7328960299491882 8
1758115615286 0.7588717937469482 9
1758115615702 0.7050469517707825 10
1758115616120 0.6950041055679321 11
1758115616487 0.7181479334831238 12
1758115616875 0.7308041453361511 13
1758115617264 0.7016783952713013 14
1758115617648 0.6946708559989929 15
1758115618026 0.6589229106903076 16
1758115618403 0.6627098917961121 17
1758115618776 0.6857768893241882 18
1758115619227 0.6731800436973572 19
1758115619651 0.6469662189483643 20
1758115620034 0.6603803634643555 21
1758115620410 0.6859541535377502 22
1758115620797 0.6539568305015564 23
1758115621176 0.641102135181427 24
1758115621546 0.651732861995697 25
1758115621934 0.652348518371582 26
1758115622329 0.6497994661331177 27
1758115622743 0.6473379135131836 28
1758115623167 0.6341712474822998 29
1758115623537 0.6341570615768433 30
1758115623935 0.6750479340553284 31
1758115624322 0.6457756161689758 32
1758115624711 0.6369598507881165 33
1758115625095 0.6484602689743042 34
1758115625490 0.6432662010192871 35
1758115625881 0.6261388659477234 36
1758115626328 0.638359785079956 37
1758115626724 0.6303127408027649 38
1758115627127 0.6747141480445862 39
1758115627514 0.6232925653457642 40
1758115627946 0.648206889629364 41
1758115628354 0.6818529963493347 42
1758115628762 0.6634149551391602 43
1758115629182 0.6587953567504883 44
1758115629566 0.6534169912338257 45
1758115630003 0.6544673442840576 46
1758115630418 0.652976930141449 47
1758115630821 0.661809504032135 48
1758115631223 0.630403995513916 49
1758115611621 2.370891809463501 0
