1758115611689 4.919492244720459 0
1758115612064 2.8704984188079834 1
1758115612507 2.199462652206421 2
1758115612992 1.9820613861083984 3
1758115613413 1.8952720165252686 4
1758115613779 1.8616700172424316 5
1758115614161 1.8454324007034302 6
1758115614593 1.8199015855789185 7
1758115614973 1.8193607330322266 8
1758115615371 1.8160991668701172 9
1758115615792 1.8105266094207764 10
1758115616195 1.8135099411010742 11
1758115616564 1.807013988494873 12
1758115616960 1.800380825996399 13
1758115617340 1.8168766498565674 14
1758115617721 1.812575340270996 15
1758115618102 1.7890957593917847 16
1758115618474 1.7965160608291626 17
1758115618849 1.8150877952575684 18
1758115619299 1.7994296550750732 19
1758115619726 1.787898063659668 20
1758115620112 1.8001669645309448 21
1758115620484 1.7765737771987915 22
1758115620870 1.8010408878326416 23
1758115621250 1.8060197830200195 24
1758115621628 1.8101146221160889 25
1758115622007 1.802765965461731 26
1758115622415 1.798452615737915 27
1758115622827 1.7860785722732544 28
1758115623242 1.7979713678359985 29
1758115623614 1.794424295425415 30
1758115624012 1.8151271343231201 31
1758115624403 1.794640302658081 32
1758115624787 1.7981265783309937 33
1758115625172 1.8037104606628418 34
1758115625573 1.8015124797821045 35
1758115625961 1.7902852296829224 36
1758115626412 1.795281171798706 37
1758115626803 1.7883609533309937 38
1758115627205 1.8091398477554321 39
1758115627596 1.7923362255096436 40
1758115628041 1.8058043718338013 41
1758115628437 1.8135874271392822 42
1758115628846 1.8129795789718628 43
1758115629266 1.8063348531723022 44
1758115629661 1.80973219871521 45
1758115630099 1.7985520362854004 46
1758115630497 1.7888410091400146 47
1758115630899 1.7830055952072144 48
1758115631301 1.7909268140792847 49
1758115611689 4.919492244720459 0
