1758092942248 0.793749988079071 0
1758092942644 0.793749988079071 1
1758092943071 0.793749988079071 2
1758092943505 0.956250011920929 3
1758092943885 0.956250011920929 4
1758092944270 0.956250011920929 5
1758092944658 0.956250011920929 6
1758092945072 0.956250011920929 7
1758092945486 0.956250011920929 8
1758092945867 0.41874998807907104 9
1758092946363 0.41874998807907104 10
1758092946821 0.59375 11
1758092947249 0.40625 12
1758092947656 0.768750011920929 13
1758092948075 0.768750011920929 14
1758092948459 0.768750011920929 15
1758092948890 0.768750011920929 16
1758092949327 0.59375 17
1758092949736 0.768750011920929 18
1758092950130 0.768750011920929 19
1758092950542 0.793749988079071 20
1758092950946 0.793749988079071 21
1758092951350 0.59375 22
1758092951794 0.59375 23
1758092952203 0.7562500238418579 24
1758092952618 0.956250011920929 25
1758092953048 0.956250011920929 26
1758092953473 0.956250011920929 27
1758092953889 0.956250011920929 28
1758092954309 0.956250011920929 29
1758092954769 0.956250011920929 30
1758092955257 0.956250011920929 31
1758092955763 0.606249988079071 32
1758092956194 0.768750011920929 33
1758092956642 0.768750011920929 34
1758092957089 0.768750011920929 35
1758092957474 0.768750011920929 36
1758092957879 0.956250011920929 37
1758092958317 0.956250011920929 38
1758092958720 0.956250011920929 39
1758092959191 0.956250011920929 40
1758092959640 0.956250011920929 41
1758092960077 0.956250011920929 42
1758092960504 0.956250011920929 43
1758092960950 0.956250011920929 44
1758092961384 0.956250011920929 45
1758092961839 0.956250011920929 46
1758092962259 0.956250011920929 47
1758092962689 0.956250011920929 48
1758092963155 0.956250011920929 49
