1758092941996 4035.781982421875 0
1758092942380 4030.43310546875 1
1758092942765 4021.45458984375 2
1758092943217 3998.375732421875 3
1758092943617 3951.92919921875 4
1758092943996 3907.87890625 5
1758092944388 3861.62939453125 6
1758092944792 3826.91259765625 7
1758092945205 3798.741455078125 8
1758092945594 3767.13720703125 9
1758092946055 3738.42138671875 10
1758092946501 3714.353515625 11
1758092946959 3694.767578125 12
1758092947351 3678.8515625 13
1758092947781 3664.09619140625 14
1758092948189 3651.795654296875 15
1758092948587 3638.37744140625 16
1758092949028 3627.782470703125 17
1758092949454 3616.021484375 18
1758092949854 3605.25830078125 19
1758092950263 3595.421875 20
1758092950654 3585.000732421875 21
1758092951057 3575.3828125 22
1758092951497 3565.276611328125 23
1758092951922 3555.512451171875 24
1758092952318 3545.704345703125 25
1758092952745 3536.36962890625 26
1758092953162 3526.390625 27
1758092953610 3516.766357421875 28
1758092954012 3507.13916015625 29
1758092954454 3497.844970703125 30
1758092954888 3488.272216796875 31
1758092955447 3479.037109375 32
1758092955872 3469.52197265625 33
1758092956332 3460.236328125 34
1758092956771 3450.96044921875 35
1758092957211 3441.979736328125 36
1758092957589 3432.587158203125 37
1758092958002 3423.401123046875 38
1758092958426 3414.37451171875 39
1758092958861 3405.33203125 40
1758092959324 3396.205078125 41
1758092959777 3387.243408203125 42
1758092960196 3378.365234375 43
1758092960632 3369.39501953125 44
1758092961068 3360.69775390625 45
1758092961493 3351.857421875 46
1758092961965 3343.21044921875 47
1758092962404 3334.528076171875 48
1758092962816 3325.955810546875 49
