1758092942163 63.52780532836914 0
1758092942558 63.48569107055664 1
1758092942989 63.414939880371094 2
1758092943411 63.23271179199219 3
1758092943796 62.86437225341797 4
1758092944172 62.513031005859375 5
1758092944576 62.14200973510742 6
1758092944977 61.86204528808594 7
1758092945387 61.63393020629883 8
1758092945772 61.377010345458984 9
1758092946255 61.14263153076172 10
1758092946697 60.94549560546875 11
1758092947147 60.78459930419922 12
1758092947532 60.65353775024414 13
1758092947969 60.53178024291992 14
1758092948355 60.43008804321289 15
1758092948775 60.318965911865234 16
1758092949203 60.231075286865234 17
1758092949641 60.133365631103516 18
1758092950035 60.04380416870117 19
1758092950437 59.96183776855469 20
1758092950836 59.874874114990234 21
1758092951251 59.79450607299805 22
1758092951690 59.709938049316406 23
1758092952110 59.628116607666016 24
1758092952496 59.54581832885742 25
1758092952939 59.467384338378906 26
1758092953351 59.383419036865234 27
1758092953788 59.302330017089844 28
1758092954197 59.22110366821289 29
1758092954634 59.142581939697266 30
1758092955085 59.06159591674805 31
1758092955664 58.98336410522461 32
1758092956068 58.90264892578125 33
1758092956527 58.82377243041992 34
1758092956975 58.744876861572266 35
1758092957381 58.66838836669922 36
1758092957783 58.58828353881836 37
1758092958205 58.50983810424805 38
1758092958624 58.432647705078125 39
1758092959056 58.355224609375 40
1758092959537 58.27696990966797 41
1758092959984 58.20002746582031 42
1758092960389 58.12370681762695 43
1758092960846 58.04648971557617 44
1758092961277 57.971527099609375 45
1758092961720 57.89522933959961 46
1758092962156 57.82050323486328 47
1758092962588 57.7453727722168 48
1758092963039 57.67110061645508 49
