1758092942081 20.00963020324707 0
1758092942470 19.98082160949707 1
1758092942871 19.93227195739746 2
1758092943302 19.822803497314453 3
1758092943704 19.681697845458984 4
1758092944084 19.518014907836914 5
1758092944482 19.332393646240234 6
1758092944884 19.124431610107422 7
1758092945301 18.95221519470215 8
1758092945686 18.837032318115234 9
1758092946159 18.68288803100586 10
1758092946591 18.50419044494629 11
1758092947062 18.44015884399414 12
1758092947446 18.362911224365234 13
1758092947884 18.314104080200195 14
1758092948272 18.270591735839844 15
1758092948688 18.213735580444336 16
1758092949121 18.146869659423828 17
1758092949546 18.039031982421875 18
1758092949938 17.934520721435547 19
1758092950351 17.878219604492188 20
1758092950747 17.86493492126465 21
1758092951149 17.84103012084961 22
1758092951590 17.797466278076172 23
1758092952017 17.734432220458984 24
1758092952416 17.67694664001465 25
1758092952850 17.62381935119629 26
1758092953261 17.565473556518555 27
1758092953701 17.504087448120117 28
1758092954098 17.44026756286621 29
1758092954546 17.388839721679688 30
1758092954982 17.345975875854492 31
1758092955551 17.306137084960938 32
1758092955969 17.258745193481445 33
1758092956437 17.212703704833984 34
1758092956869 17.16307258605957 35
1758092957295 17.10788917541504 36
1758092957688 17.051259994506836 37
1758092958103 16.995346069335938 38
1758092958519 16.94375991821289 39
1758092958959 16.898372650146484 40
1758092959429 16.856746673583984 41
1758092959879 16.81356430053711 42
1758092960284 16.768321990966797 43
1758092960737 16.71866798400879 44
1758092961181 16.66495704650879 45
1758092961604 16.609607696533203 46
1758092962056 16.558589935302734 47
1758092962491 16.51204490661621 48
1758092962932 16.46873664855957 49
