1758099248068 0.7124999761581421 0
1758099248493 0.7124999761581421 1
1758099248907 0.7124999761581421 2
1758099249328 0.7124999761581421 3
1758099249726 0.550000011920929 4
1758099250096 0.637499988079071 5
1758099250495 0.824999988079071 6
1758099250930 0.7124999761581421 7
1758099251330 0.7124999761581421 8
1758099251775 0.6000000238418579 9
1758099252200 0.36250001192092896 10
1758099252625 0.4375 11
1758099253094 0.5874999761581421 12
1758099253486 0.5874999761581421 13
1758099253887 0.6625000238418579 14
1758099254287 0.6625000238418579 15
1758099254693 0.824999988079071 16
1758099255107 0.7124999761581421 17
1758099255501 0.6000000238418579 18
1758099255888 0.5249999761581421 19
1758099256291 0.5249999761581421 20
1758099256669 0.637499988079071 21
1758099257058 0.75 22
1758099257446 0.5874999761581421 23
1758099257843 0.6625000238418579 24
1758099258249 0.6625000238418579 25
1758099258666 0.6625000238418579 26
1758099259059 0.550000011920929 27
1758099259467 0.4375 28
1758099259873 0.5249999761581421 29
1758099260301 0.637499988079071 30
1758099260736 0.637499988079071 31
1758099261150 0.75 32
1758099261566 0.824999988079071 33
1758099261968 0.824999988079071 34
1758099262369 0.824999988079071 35
1758099262791 0.824999988079071 36
1758099263190 0.550000011920929 37
1758099263607 0.550000011920929 38
1758099263993 0.5874999761581421 39
1758099264383 0.4749999940395355 40
1758099264824 0.75 41
1758099265345 0.824999988079071 42
1758099265763 0.824999988079071 43
1758099266166 0.824999988079071 44
1758099266589 0.824999988079071 45
1758099266973 0.824999988079071 46
1758099267413 0.7124999761581421 47
1758099267858 0.824999988079071 48
1758099268299 0.75 49
1758099268739 0.824999988079071 50
1758099269250 0.6625000238418579 51
1758099269683 0.824999988079071 52
1758099270219 0.824999988079071 53
1758099270727 0.824999988079071 54
1758099271184 0.824999988079071 55
1758099271625 0.824999988079071 56
1758099272099 0.824999988079071 57
1758099272651 0.824999988079071 58
1758099273098 0.824999988079071 59
1758099273579 0.824999988079071 60
1758099274157 0.824999988079071 61
1758099275101 0.824999988079071 62
1758099275996 0.824999988079071 63
1758099276904 0.824999988079071 64
1758099277857 0.824999988079071 65
1758099278734 0.824999988079071 66
1758099279677 0.824999988079071 67
1758099280594 0.824999988079071 68
1758099281442 0.824999988079071 69
1758099282323 0.824999988079071 70
1758099283259 0.824999988079071 71
1758099284229 0.824999988079071 72
1758099285202 0.824999988079071 73
1758099286027 0.824999988079071 74
1758099286947 0.824999988079071 75
1758099287801 0.824999988079071 76
1758099288736 0.824999988079071 77
1758099289638 0.824999988079071 78
1758099290548 0.824999988079071 79
1758099291406 0.824999988079071 80
1758099292276 0.824999988079071 81
1758099293239 0.824999988079071 82
1758099294213 0.824999988079071 83
1758099295221 0.824999988079071 84
1758099296148 0.824999988079071 85
1758099297097 0.824999988079071 86
1758099298067 0.824999988079071 87
1758099298916 0.824999988079071 88
1758099299657 0.824999988079071 89
1758099300525 0.824999988079071 90
1758099301431 0.824999988079071 91
1758099302349 0.824999988079071 92
1758099303221 0.824999988079071 93
1758099304067 0.824999988079071 94
1758099304953 0.824999988079071 95
1758099305836 0.824999988079071 96
1758099306770 0.824999988079071 97
1758099307721 0.824999988079071 98
1758099308618 0.824999988079071 99
1758099309501 0.824999988079071 100
1758099310427 0.824999988079071 101
1758099311324 0.824999988079071 102
1758099312224 0.824999988079071 103
1758099313053 0.824999988079071 104
1758099313926 0.824999988079071 105
1758099314842 0.824999988079071 106
1758099315783 0.824999988079071 107
1758099316641 0.824999988079071 108
1758099317541 0.824999988079071 109
1758099318460 0.824999988079071 110
1758099319264 0.824999988079071 111
1758099320142 0.824999988079071 112
1758099321076 0.824999988079071 113
1758099322023 0.824999988079071 114
1758099322908 0.824999988079071 115
1758099323914 0.824999988079071 116
1758099324825 0.824999988079071 117
1758099325710 0.824999988079071 118
1758099326559 0.824999988079071 119
1758099327548 0.824999988079071 120
1758099328533 0.824999988079071 121
1758099329416 0.824999988079071 122
1758099330319 0.824999988079071 123
1758099331223 0.824999988079071 124
1758099332063 0.824999988079071 125
1758099332912 0.824999988079071 126
1758099333909 0.824999988079071 127
1758099334790 0.824999988079071 128
1758099335746 0.824999988079071 129
1758099336670 0.824999988079071 130
1758099337678 0.824999988079071 131
1758099338723 0.824999988079071 132
1758099339633 0.824999988079071 133
1758099340634 0.824999988079071 134
1758099341639 0.824999988079071 135
