1758099247914 4.43962287902832 0
1758099248298 4.419746398925781 1
1758099248702 4.390176296234131 2
1758099249117 4.312025547027588 3
1758099249532 4.133270740509033 4
1758099249915 3.85807728767395 5
1758099250306 3.705890655517578 6
1758099250739 3.4942383766174316 7
1758099251132 3.388171434402466 8
1758099251552 3.2175376415252686 9
1758099251994 3.127293348312378 10
1758099252428 2.977745294570923 11
1758099252885 2.92102313041687 12
1758099253305 2.8202290534973145 13
1758099253710 2.732348918914795 14
1758099254101 2.6571202278137207 15
1758099254486 2.560534954071045 16
1758099254906 2.512153148651123 17
1758099255326 2.4856879711151123 18
1758099255698 2.4521632194519043 19
1758099256096 2.4043891429901123 20
1758099256493 2.3378312587738037 21
1758099256874 2.2911884784698486 22
1758099257271 2.26821231842041 23
1758099257650 2.25154447555542 24
1758099258042 2.2235450744628906 25
1758099258480 2.178112030029297 26
1758099258874 2.1417558193206787 27
1758099259262 2.0978124141693115 28
1758099259686 2.0686662197113037 29
1758099260103 2.0404810905456543 30
1758099260509 2.0176022052764893 31
1758099260948 1.9925905466079712 32
1758099261382 1.9672601222991943 33
1758099261780 1.9394572973251343 34
1758099262187 1.9156434535980225 35
1758099262605 1.89790940284729 36
1758099262999 1.8831087350845337 37
1758099263423 1.871830940246582 38
1758099263812 1.8564974069595337 39
1758099264196 1.8400459289550781 40
1758099264616 1.8243350982666016 41
1758099265138 1.811700463294983 42
1758099265581 1.8054183721542358 43
1758099265971 1.8038848638534546 44
1758099266389 1.8005218505859375 45
1758099266788 1.7945562601089478 46
1758099267184 1.7870897054672241 47
1758099267635 1.7812827825546265 48
1758099268081 1.77676260471344 49
1758099268535 1.776119589805603 50
1758099269039 1.7750526666641235 51
1758099269480 1.7716865539550781 52
1758099269917 1.7674715518951416 53
1758099270500 1.763749361038208 54
1758099270963 1.7628185749053955 55
1758099271400 1.7623584270477295 56
1758099271883 1.7611252069473267 57
1758099272414 1.7603728771209717 58
1758099272876 1.7593135833740234 59
1758099273342 1.7584903240203857 60
1758099273801 1.7581322193145752 61
1758099274628 1.7587101459503174 62
1758099275581 1.759102463722229 63
1758099276481 1.759857177734375 64
1758099277412 1.760650396347046 65
1758099278339 1.7612606287002563 66
1758099279222 1.7622922658920288 67
1758099280170 1.7635624408721924 68
1758099281030 1.7645235061645508 69
1758099281893 1.7650725841522217 70
1758099282805 1.7657678127288818 71
1758099283725 1.766977310180664 72
1758099284765 1.7684381008148193 73
1758099285652 1.7694120407104492 74
1758099286517 1.7698665857315063 75
1758099287388 1.7701956033706665 76
1758099288321 1.770666480064392 77
1758099289181 1.771429419517517 78
1758099290108 1.7722104787826538 79
1758099291023 1.773101568222046 80
1758099291883 1.7738895416259766 81
1758099292743 1.774283766746521 82
1758099293742 1.7744756937026978 83
1758099294737 1.7747055292129517 84
1758099295644 1.7751924991607666 85
1758099296674 1.7759110927581787 86
1758099297621 1.7766897678375244 87
1758099298509 1.7775875329971313 88
1758099299318 1.7784168720245361 89
1758099300075 1.779109001159668 90
1758099300977 1.7795215845108032 91
1758099301906 1.7798030376434326 92
1758099302804 1.7802822589874268 93
1758099303661 1.7807334661483765 94
1758099304528 1.781015396118164 95
1758099305430 1.781463384628296 96
1758099306318 1.781899094581604 97
1758099307272 1.7821342945098877 98
1758099308208 1.7823448181152344 99
1758099309075 1.78244948387146 100
1758099309971 1.7827365398406982 101
1758099310862 1.7828950881958008 102
1758099311782 1.7830604314804077 103
1758099312693 1.783203125 104
1758099313480 1.7833175659179688 105
1758099314402 1.7832883596420288 106
1758099315308 1.7832834720611572 107
1758099316209 1.7833932638168335 108
1758099317117 1.7834904193878174 109
1758099318033 1.7835195064544678 110
1758099318914 1.7835733890533447 111
1758099319702 1.7835168838500977 112
1758099320616 1.7834255695343018 113
1758099321567 1.7833690643310547 114
1758099322496 1.7833398580551147 115
1758099323436 1.7831668853759766 116
1758099324384 1.7832129001617432 117
1758099325269 1.7832057476043701 118
1758099326136 1.7831474542617798 119
1758099327053 1.7830047607421875 120
1758099328065 1.783020257949829 121
1758099329045 1.782942533493042 122
1758099329915 1.7828586101531982 123
1758099330784 1.782745361328125 124
1758099331661 1.7826786041259766 125
1758099332504 1.782527208328247 126
1758099333425 1.782476782798767 127
1758099334374 1.7824382781982422 128
1758099335284 1.782358169555664 129
1758099336186 1.7822726964950562 130
1758099337196 1.7822363376617432 131
1758099338214 1.7821394205093384 132
1758099339204 1.7820308208465576 133
1758099340137 1.7819187641143799 134
1758099341209 1.78192937374115 135
