1758099247838 123.88932800292969 0
1758099248191 122.82469177246094 1
1758099248602 121.2291259765625 2
1758099249026 117.3687515258789 3
1758099249449 108.98847961425781 4
1758099249839 96.98439025878906 5
1758099250222 90.18400573730469 6
1758099250655 83.19442749023438 7
1758099251036 77.90784454345703 8
1758099251459 72.83625030517578 9
1758099251908 68.90769958496094 10
1758099252322 65.06764221191406 11
1758099252795 62.2835693359375 12
1758099253218 59.89221954345703 13
1758099253610 57.34370040893555 14
1758099254010 55.42531204223633 15
1758099254402 53.78386688232422 16
1758099254804 52.366485595703125 17
1758099255238 50.95758056640625 18
1758099255613 49.61549377441406 19
1758099256008 48.34772491455078 20
1758099256404 47.21840286254883 21
1758099256779 46.148067474365234 22
1758099257186 45.085105895996094 23
1758099257559 44.08824920654297 24
1758099257948 43.1396598815918 25
1758099258391 42.15668869018555 26
1758099258789 41.268428802490234 27
1758099259168 40.367164611816406 28
1758099259589 39.535919189453125 29
1758099260003 38.72515869140625 30
1758099260426 37.985633850097656 31
1758099260853 37.24929428100586 32
1758099261285 36.57939529418945 33
1758099261691 35.91513442993164 34
1758099262092 35.292659759521484 35
1758099262487 34.703346252441406 36
1758099262904 34.13983154296875 37
1758099263316 33.61338424682617 38
1758099263723 33.10188293457031 39
1758099264104 32.62953186035156 40
1758099264511 32.1774787902832 41
1758099265048 31.75980567932129 42
1758099265489 31.3702449798584 43
1758099265871 31.004104614257812 44
1758099266294 30.647497177124023 45
1758099266703 30.325389862060547 46
1758099267095 30.023418426513672 47
1758099267546 29.73763084411621 48
1758099267986 29.46963882446289 49
1758099268439 29.228076934814453 50
1758099268933 28.99745750427246 51
1758099269371 28.788700103759766 52
1758099269817 28.592632293701172 53
1758099270395 28.413211822509766 54
1758099270866 28.248153686523438 55
1758099271311 28.09806251525879 56
1758099271768 27.96088218688965 57
1758099272265 27.830883026123047 58
1758099272773 27.71222496032715 59
1758099273234 27.607799530029297 60
1758099273704 27.510961532592773 61
1758099274442 27.424182891845703 62
1758099275380 27.343135833740234 63
1758099276282 27.2714786529541 64
1758099277165 27.207416534423828 65
1758099278144 27.150066375732422 66
1758099279017 27.09716796875 67
1758099279981 27.050724029541016 68
1758099280835 27.008373260498047 69
1758099281698 26.973459243774414 70
1758099282614 26.940032958984375 71
1758099283533 26.911462783813477 72
1758099284550 26.886056900024414 73
1758099285465 26.86423110961914 74
1758099286317 26.845495223999023 75
1758099287219 26.828250885009766 76
1758099288110 26.81471824645996 77
1758099288968 26.800922393798828 78
1758099289895 26.790420532226562 79
1758099290826 26.781457901000977 80
1758099291684 26.77387046813965 81
1758099292536 26.767635345458984 82
1758099293531 26.762182235717773 83
1758099294536 26.75808334350586 84
1758099295481 26.75442123413086 85
1758099296448 26.75161361694336 86
1758099297411 26.749282836914062 87
1758099298339 26.747406005859375 88
1758099299182 26.74611473083496 89
1758099299866 26.745067596435547 90
1758099300789 26.744304656982422 91
1758099301692 26.743860244750977 92
1758099302586 26.743511199951172 93
1758099303472 26.743350982666016 94
1758099304341 26.74332618713379 95
1758099305224 26.743362426757812 96
1758099306108 26.74349021911621 97
1758099307069 26.74363136291504 98
1758099307984 26.74381446838379 99
1758099308880 26.743927001953125 100
1758099309763 26.744176864624023 101
1758099310696 26.744304656982422 102
1758099311587 26.744516372680664 103
1758099312499 26.74469566345215 104
1758099313296 26.744853973388672 105
1758099314206 26.744892120361328 106
1758099315101 26.744970321655273 107
1758099316011 26.745105743408203 108
1758099316916 26.745174407958984 109
1758099317821 26.745153427124023 110
1758099318738 26.745189666748047 111
1758099319496 26.745113372802734 112
1758099320411 26.74502182006836 113
1758099321345 26.745044708251953 114
1758099322312 26.745019912719727 115
1758099323208 26.7447566986084 116
1758099324173 26.744781494140625 117
1758099325101 26.7447509765625 118
1758099325936 26.744644165039062 119
1758099326864 26.74448013305664 120
1758099327854 26.744482040405273 121
1758099328833 26.74441909790039 122
1758099329685 26.744335174560547 123
1758099330578 26.74420166015625 124
1758099331474 26.744136810302734 125
1758099332339 26.74399757385254 126
1758099333215 26.743947982788086 127
1758099334173 26.743915557861328 128
1758099335055 26.74383544921875 129
1758099335989 26.74375343322754 130
1758099336983 26.743724822998047 131
1758099337977 26.743667602539062 132
1758099339001 26.743616104125977 133
1758099339909 26.74355125427246 134
1758099340997 26.743545532226562 135
1758099341917 26.74350357055664 136
