1758099247990 11.130558013916016 0
1758099248376 11.082630157470703 1
1758099248801 11.01041030883789 2
1758099249201 10.833685874938965 3
1758099249628 10.439754486083984 4
1758099250011 9.848065376281738 5
1758099250399 9.496525764465332 6
1758099250834 9.121097564697266 7
1758099251235 8.826541900634766 8
1758099251652 8.534415245056152 9
1758099252096 8.301066398620605 10
1758099252519 8.066452026367188 11
1758099252977 7.891993999481201 12
1758099253396 7.739006519317627 13
1758099253804 7.572562217712402 14
1758099254191 7.444818019866943 15
1758099254578 7.3337483406066895 16
1758099254998 7.236469268798828 17
1758099255417 7.138457775115967 18
1758099255791 7.043826580047607 19
1758099256184 6.953252792358398 20
1758099256576 6.871564865112305 21
1758099256971 6.79323673248291 22
1758099257356 6.714544296264648 23
1758099257742 6.639898300170898 24
1758099258143 6.568078994750977 25
1758099258572 6.492818355560303 26
1758099258967 6.424050807952881 27
1758099259376 6.353516101837158 28
1758099259776 6.287759304046631 29
1758099260197 6.222954273223877 30
1758099260610 6.163248538970947 31
1758099261036 6.103219985961914 32
1758099261469 6.048089981079102 33
1758099261881 5.992923736572266 34
1758099262276 5.940762519836426 35
1758099262698 5.890954494476318 36
1758099263094 5.842929840087891 37
1758099263520 5.797705173492432 38
1758099263901 5.753423690795898 39
1758099264282 5.712226390838623 40
1758099264723 5.672519683837891 41
1758099265230 5.635583877563477 42
1758099265668 5.600914478302002 43
1758099266063 5.5681328773498535 44
1758099266493 5.536018371582031 45
1758099266880 5.50684928894043 46
1758099267277 5.479362964630127 47
1758099267751 5.453222274780273 48
1758099268181 5.428594589233398 49
1758099268633 5.406299591064453 50
1758099269147 5.3849287033081055 51
1758099269579 5.3655104637146 52
1758099270061 5.347208023071289 53
1758099270601 5.330404281616211 54
1758099271077 5.314899444580078 55
1758099271503 5.300760746002197 56
1758099271988 5.287805080413818 57
1758099272545 5.275498390197754 58
1758099272970 5.264240264892578 59
1758099273467 5.254312515258789 60
1758099273959 5.245089054107666 61
1758099274834 5.236810207366943 62
1758099275791 5.229066371917725 63
1758099276667 5.222209930419922 64
1758099277615 5.216073036193848 65
1758099278524 5.210572719573975 66
1758099279431 5.205493927001953 67
1758099280383 5.20103120803833 68
1758099281250 5.196958065032959 69
1758099282104 5.193597793579102 70
1758099282998 5.190378665924072 71
1758099283969 5.187625885009766 72
1758099284970 5.185176849365234 73
1758099285838 5.183071613311768 74
1758099286732 5.1812639236450195 75
1758099287600 5.179599285125732 76
1758099288512 5.178292751312256 77
1758099289394 5.1769609451293945 78
1758099290314 5.175946235656738 79
1758099291213 5.175080299377441 80
1758099292072 5.174347400665283 81
1758099292971 5.1737446784973145 82
1758099293953 5.1732177734375 83
1758099294963 5.172821521759033 84
1758099295880 5.1724677085876465 85
1758099296874 5.172196388244629 86
1758099297837 5.171970844268799 87
1758099298716 5.171789646148682 88
1758099299478 5.171664714813232 89
1758099300288 5.171563148498535 90
1758099301184 5.171489715576172 91
1758099302129 5.171446800231934 92
1758099303010 5.171412944793701 93
1758099303840 5.1713972091674805 94
1758099304716 5.1713948249816895 95
1758099305631 5.171398639678955 96
1758099306546 5.171411037445068 97
1758099307470 5.171424388885498 98
1758099308411 5.171442031860352 99
1758099309277 5.17145299911499 100
1758099310180 5.171477317810059 101
1758099311062 5.171489715576172 102
1758099311983 5.171510219573975 103
1758099312880 5.17152738571167 104
1758099313694 5.171542644500732 105
1758099314618 5.171546459197998 106
1758099315513 5.171554088592529 107
1758099316418 5.171566963195801 108
1758099317314 5.171573638916016 109
1758099318229 5.171571731567383 110
1758099319100 5.17157506942749 111
1758099319933 5.171567916870117 112
1758099320846 5.171558856964111 113
1758099321799 5.171561241149902 114
1758099322703 5.171558856964111 115
1758099323642 5.171533107757568 116
1758099324612 5.171535491943359 117
1758099325491 5.17153263092041 118
1758099326350 5.171522617340088 119
1758099327293 5.171506404876709 120
1758099328283 5.171506881713867 121
1758099329242 5.1715006828308105 122
1758099330122 5.171492576599121 123
1758099331010 5.17147970199585 124
1758099331858 5.171473503112793 125
1758099332700 5.171459674835205 126
1758099333668 5.171454906463623 127
1758099334611 5.171452045440674 128
1758099335506 5.171444416046143 129
1758099336394 5.171436309814453 130
1758099337453 5.171433448791504 131
1758099338455 5.171428203582764 132
1758099339419 5.171422958374023 133
1758099340374 5.171416759490967 134
1758099341433 5.171416282653809 135
